TimeSlice	Time	LH_FlexorHallucisLongus
0	0	0.000370834
1	0.00054	0.000737643
2	0.00108	0.00110047
3	0.00162	0.00173493
4	0.00216	0.00200428
5	0.0027	0.00235536
6	0.00324	0.00279953
7	0.00378	0.00314303
8	0.00432	0.0034828
9	0.00486	0.00387839
10	0.0054	0.0042389
11	0.00594	0.00456778
12	0.00648	0.00490789
13	0.00702	0.00529957
14	0.00756	0.00561788
15	0.0081	0.00593276
16	0.00864	0.00628144
17	0.00918	0.00661617
18	0.00972	0.00692095
19	0.01026	0.00722318
20	0.0108	0.00758462
21	0.01134	0.00787965
22	0.01188	0.00817152
23	0.01242	0.00848279
24	0.01296	0.00879708
25	0.0135	0.00907958
26	0.01404	0.00935904
27	0.01458	0.00968352
28	0.01512	0.00995929
29	0.01566	0.0102298
30	0.0162	0.0105206
31	0.01674	0.0108087
32	0.01728	0.0110705
33	0.01782	0.0113294
34	0.01836	0.0116282
35	0.0189	0.0118849
36	0.01944	0.0121355
37	0.01998	0.0124005
38	0.02052	0.0126704
39	0.02106	0.0129129
40	0.0216	0.0131528
41	0.02214	0.0134233
42	0.02268	0.0136623
43	0.02322	0.0138944
44	0.02376	0.0141348
45	0.0243	0.0143846
46	0.02484	0.0146092
47	0.02538	0.0148314
48	0.02592	0.0150749
49	0.02646	0.0152996
50	0.027	0.0155145
51	0.02754	0.0157305
52	0.02808	0.0159649
53	0.02862	0.016173
54	0.02916	0.0163788
55	0.0297	0.0165955
56	0.03024	0.0168068
57	0.03078	0.017006
58	0.03132	0.0172029
59	0.03186	0.0174151
60	0.0324	0.0176102
61	0.03294	0.0178008
62	0.03348	0.0179916
63	0.03402	0.0181902
64	0.03456	0.0183747
65	0.0351	0.0185572
66	0.03564	0.0187425
67	0.03618	0.018926
68	0.03672	0.0191027
69	0.03726	0.0192774
70	0.0378	0.0194537
71	0.03834	0.0196264
72	0.03888	0.0197955
73	0.03942	0.0199628
74	0.03996	0.0201283
75	0.0405	0.0202924
76	0.04104	0.0204544
77	0.04158	0.0206145
78	0.04212	0.020773
79	0.04266	0.0209297
80	0.0432	0.0210847
81	0.04374	0.0212381
82	0.04428	0.0213898
83	0.04482	0.0215398
84	0.04536	0.0216883
85	0.0459	0.0218351
86	0.04644	0.0219803
87	0.04698	0.0221239
88	0.04752	0.022266
89	0.04806	0.0224065
90	0.0486	0.0225455
91	0.04914	0.0226831
92	0.04968	0.022819
93	0.05022	0.0229536
94	0.05076	0.0230866
95	0.0513	0.0232182
96	0.05184	0.0233483
97	0.05238	0.0234771
98	0.05292	0.0236044
99	0.05346	0.0237303
100	0.054	0.0238549
101	0.05454	0.0239781
102	0.05508	0.0240999
103	0.05562	0.0242205
104	0.05616	0.0243397
105	0.0567	0.0244576
106	0.05724	0.0245742
107	0.05778	0.0246895
108	0.05832	0.0248036
109	0.05886	0.0249164
110	0.0594	0.025028
111	0.05994	0.0251383
112	0.06048	0.0252475
113	0.06102	0.0253555
114	0.06156	0.0254623
115	0.0621	0.0255679
116	0.06264	0.0256723
117	0.06318	0.0257757
118	0.06372	0.0258778
119	0.06426	0.0259789
120	0.0648	0.0260789
121	0.06534	0.0261778
122	0.06588	0.0262756
123	0.06642	0.0263723
124	0.06696	0.026468
125	0.0675	0.0265626
126	0.06804	0.0266562
127	0.06858	0.0267488
128	0.06912	0.0268403
129	0.06966	0.0269309
130	0.0702	0.0270205
131	0.07074	0.0271091
132	0.07128	0.0271967
133	0.07182	0.0272834
134	0.07236	0.0273691
135	0.0729	0.0274539
136	0.07344	0.0275378
137	0.07398	0.0276207
138	0.07452	0.0277028
139	0.07506	0.0277839
140	0.0756	0.0278642
141	0.07614	0.0279436
142	0.07668	0.0280221
143	0.07722	0.0280998
144	0.07776	0.0281766
145	0.0783	0.0282526
146	0.07884	0.0283278
147	0.07938	0.0284021
148	0.07992	0.0284757
149	0.08046	0.0285484
150	0.081	0.0286204
151	0.08154	0.0286916
152	0.08208	0.028762
153	0.08262	0.0288316
154	0.08316	0.0289004
155	0.0837	0.0289686
156	0.08424	0.029036
157	0.08478	0.0291026
158	0.08532	0.0291685
159	0.08586	0.0292337
160	0.0864	0.0292982
161	0.08694	0.029362
162	0.08748	0.0294252
163	0.08802	0.0294876
164	0.08856	0.0295494
165	0.0891	0.0296104
166	0.08964	0.0296709
167	0.09018	0.0297306
168	0.09072	0.0297898
169	0.09126	0.0298483
170	0.0918	0.0299061
171	0.09234	0.0299633
172	0.09288	0.0300199
173	0.09342	0.0300759
174	0.09396	0.0301313
175	0.0945	0.0301861
176	0.09504	0.0302403
177	0.09558	0.030294
178	0.09612	0.030347
179	0.09666	0.0303994
180	0.0972	0.0304513
181	0.09774	0.0305027
182	0.09828	0.0305534
183	0.09882	0.0306037
184	0.09936	0.0306534
185	0.0999	0.0307025
186	0.10044	0.0307511
187	0.10098	0.0307992
188	0.10152	0.0308468
189	0.10206	0.0308939
190	0.1026	0.0309404
191	0.10314	0.0309865
192	0.10368	0.0310321
193	0.10422	0.0310771
194	0.10476	0.0311217
195	0.1053	0.0311658
196	0.10584	0.0312094
197	0.10638	0.0312525
198	0.10692	0.0312952
199	0.10746	0.0313375
200	0.108	0.0313792
201	0.10854	0.0314205
202	0.10908	0.0314614
203	0.10962	0.0315018
204	0.11016	0.0315418
205	0.1107	0.0315813
206	0.11124	0.0316204
207	0.11178	0.0316591
208	0.11232	0.0316974
209	0.11286	0.0317353
210	0.1134	0.0317727
211	0.11394	0.0318097
212	0.11448	0.0318464
213	0.11502	0.0318826
214	0.11556	0.0319184
215	0.1161	0.0319539
216	0.11664	0.0319889
217	0.11718	0.0320236
218	0.11772	0.0320579
219	0.11826	0.0320918
220	0.1188	0.0321254
221	0.11934	0.0321585
222	0.11988	0.0321914
223	0.12042	0.0322238
224	0.12096	0.0322559
225	0.1215	0.0322877
226	0.12204	0.0323191
227	0.12258	0.0323502
228	0.12312	0.0323809
229	0.12366	0.0324112
230	0.1242	0.0324413
231	0.12474	0.032471
232	0.12528	0.0325004
233	0.12582	0.0325295
234	0.12636	0.0325583
235	0.1269	0.0325867
236	0.12744	0.0326148
237	0.12798	0.0326426
238	0.12852	0.0326702
239	0.12906	0.0326974
240	0.1296	0.0327243
241	0.13014	0.0327509
242	0.13068	0.0327772
243	0.13122	0.0328033
244	0.13176	0.032829
245	0.1323	0.0328545
246	0.13284	0.0328797
247	0.13338	0.0329046
248	0.13392	0.0329293
249	0.13446	0.0329536
250	0.135	0.0329778
251	0.13554	0.0330016
252	0.13608	0.0330252
253	0.13662	0.0330485
254	0.13716	0.0330716
255	0.1377	0.0330944
256	0.13824	0.033117
257	0.13878	0.0331393
258	0.13932	0.0331614
259	0.13986	0.0331832
260	0.1404	0.0332048
261	0.14094	0.0332262
262	0.14148	0.0332473
263	0.14202	0.0332682
264	0.14256	0.0332889
265	0.1431	0.0333094
266	0.14364	0.0333296
267	0.14418	0.0333496
268	0.14472	0.0333694
269	0.14526	0.033389
270	0.1458	0.0334084
271	0.14634	0.0334275
272	0.14688	0.0334465
273	0.14742	0.0334652
274	0.14796	0.0334838
275	0.1485	0.0335021
276	0.14904	0.0335203
277	0.14958	0.0335382
278	0.15012	0.033556
279	0.15066	0.0335735
280	0.1512	0.0335909
281	0.15174	0.0336081
282	0.15228	0.0336251
283	0.15282	0.0336419
284	0.15336	0.0336586
285	0.1539	0.0336751
286	0.15444	0.0336913
287	0.15498	0.0337075
288	0.15552	0.0337234
289	0.15606	0.0337391
290	0.1566	0.0337548
291	0.15714	0.0337702
292	0.15768	0.0337855
293	0.15822	0.0338006
294	0.15876	0.0338155
295	0.1593	0.0338303
296	0.15984	0.0338449
297	0.16038	0.0338594
298	0.16092	0.0338737
299	0.16146	0.0338878
300	0.162	0.0339018
301	0.16254	0.0339157
302	0.16308	0.0339294
303	0.16362	0.0339429
304	0.16416	0.0339564
305	0.1647	0.0339696
306	0.16524	0.0339828
307	0.16578	0.0339957
308	0.16632	0.0340086
309	0.16686	0.0340213
310	0.1674	0.0340339
311	0.16794	0.0340463
312	0.16848	0.0340586
313	0.16902	0.0340708
314	0.16956	0.0340828
315	0.1701	0.0340947
316	0.17064	0.0341065
317	0.17118	0.0341181
318	0.17172	0.0341297
319	0.17226	0.0341411
320	0.1728	0.0341524
321	0.17334	0.0341635
322	0.17388	0.0341745
323	0.17442	0.0341854
324	0.17496	0.0341962
325	0.1755	0.0342069
326	0.17604	0.0342175
327	0.17658	0.0342279
328	0.17712	0.0342383
329	0.17766	0.0342485
330	0.1782	0.0342586
331	0.17874	0.0342686
332	0.17928	0.0342785
333	0.17982	0.0342883
334	0.18036	0.034298
335	0.1809	0.0343076
336	0.18144	0.034317
337	0.18198	0.0343264
338	0.18252	0.0343357
339	0.18306	0.0343448
340	0.1836	0.0343539
341	0.18414	0.0343628
342	0.18468	0.0343717
343	0.18522	0.0343805
344	0.18576	0.0343891
345	0.1863	0.0343977
346	0.18684	0.0344062
347	0.18738	0.0344146
348	0.18792	0.0344228
349	0.18846	0.0344311
350	0.189	0.0344392
351	0.18954	0.0344471
352	0.19008	0.0344551
353	0.19062	0.0344629
354	0.19116	0.0344707
355	0.1917	0.0344783
356	0.19224	0.0344859
357	0.19278	0.0344934
358	0.19332	0.0345008
359	0.19386	0.0345081
360	0.1944	0.0345153
361	0.19494	0.0345225
362	0.19548	0.0345296
363	0.19602	0.0345366
364	0.19656	0.0345435
365	0.1971	0.0345503
366	0.19764	0.0345571
367	0.19818	0.0345638
368	0.19872	0.0345704
369	0.19926	0.034577
370	0.1998	0.0345834
371	0.20034	0.0345898
372	0.20088	0.0345961
373	0.20142	0.0346024
374	0.20196	0.0346086
375	0.2025	0.0346147
376	0.20304	0.0346208
377	0.20358	0.0346267
378	0.20412	0.0346327
379	0.20466	0.0346385
380	0.2052	0.0346443
381	0.20574	0.03465
382	0.20628	0.0346557
383	0.20682	0.0346613
384	0.20736	0.0346668
385	0.2079	0.0346723
386	0.20844	0.0346778
387	0.20898	0.0346831
388	0.20952	0.0346884
389	0.21006	0.0346936
390	0.2106	0.0346988
391	0.21114	0.0347039
392	0.21168	0.034709
393	0.21222	0.0347141
394	0.21276	0.034719
395	0.2133	0.0347239
396	0.21384	0.0347288
397	0.21438	0.0347336
398	0.21492	0.0347384
399	0.21546	0.0347431
400	0.216	0.0347477
401	0.21654	0.0347523
402	0.21708	0.0347569
403	0.21762	0.0347614
404	0.21816	0.0347659
405	0.2187	0.0347703
406	0.21924	0.0347747
407	0.21978	0.034779
408	0.22032	0.0347833
409	0.22086	0.0347875
410	0.2214	0.0347917
411	0.22194	0.0347958
412	0.22248	0.0347999
413	0.22302	0.034804
414	0.22356	0.034808
415	0.2241	0.034812
416	0.22464	0.0348159
417	0.22518	0.0348198
418	0.22572	0.0348236
419	0.22626	0.0348274
420	0.2268	0.0348312
421	0.22734	0.0348349
422	0.22788	0.0348386
423	0.22842	0.0348423
424	0.22896	0.0348459
425	0.2295	0.0348494
426	0.23004	0.034853
427	0.23058	0.0348565
428	0.23112	0.0348599
429	0.23166	0.0348633
430	0.2322	0.0348667
431	0.23274	0.03487
432	0.23328	0.0348734
433	0.23382	0.0348766
434	0.23436	0.0348799
435	0.2349	0.0348831
436	0.23544	0.0348863
437	0.23598	0.0348894
438	0.23652	0.0348925
439	0.23706	0.0348955
440	0.2376	0.0348986
441	0.23814	0.0349016
442	0.23868	0.0349045
443	0.23922	0.0349075
444	0.23976	0.0349104
445	0.2403	0.0349132
446	0.24084	0.0349161
447	0.24138	0.0349189
448	0.24192	0.0349216
449	0.24246	0.0349244
450	0.243	0.0349271
451	0.24354	0.0349298
452	0.24408	0.0349325
453	0.24462	0.0349351
454	0.24516	0.0349377
455	0.2457	0.0349403
456	0.24624	0.0349428
457	0.24678	0.0349453
458	0.24732	0.0349478
459	0.24786	0.0349502
460	0.2484	0.0349526
461	0.24894	0.034955
462	0.24948	0.0349574
463	0.25002	0.0349597
464	0.25056	0.0349621
465	0.2511	0.0349644
466	0.25164	0.0349666
467	0.25218	0.0349688
468	0.25272	0.0349711
469	0.25326	0.0349732
470	0.2538	0.0349754
471	0.25434	0.0349775
472	0.25488	0.0349796
473	0.25542	0.0349817
474	0.25596	0.0349838
475	0.2565	0.0349858
476	0.25704	0.0349879
477	0.25758	0.0349898
478	0.25812	0.0349918
479	0.25866	0.0349938
480	0.2592	0.0349957
481	0.25974	0.0349976
482	0.26028	0.0349995
483	0.26082	0.0350013
484	0.26136	0.0350032
485	0.2619	0.035005
486	0.26244	0.0350068
487	0.26298	0.0350086
488	0.26352	0.0350103
489	0.26406	0.0350121
490	0.2646	0.0350138
491	0.26514	0.0350155
492	0.26568	0.0350171
493	0.26622	0.0350188
494	0.26676	0.0350205
495	0.2673	0.0350221
496	0.26784	0.0350237
497	0.26838	0.0350253
498	0.26892	0.0350269
499	0.26946	0.0350284
500	0.27	0.03503
501	0.27054	0.0350315
502	0.27108	0.035033
503	0.27162	0.0350344
504	0.27216	0.0350359
505	0.2727	0.0350374
506	0.27324	0.0350388
507	0.27378	0.0350403
508	0.27432	0.0350417
509	0.27486	0.035043
510	0.2754	0.0350444
511	0.27594	0.0350458
512	0.27648	0.0350472
513	0.27702	0.0350485
514	0.27756	0.0350498
515	0.2781	0.0350511
516	0.27864	0.0350524
517	0.27918	0.0350537
518	0.27972	0.035055
519	0.28026	0.0350563
520	0.2808	0.0350575
521	0.28134	0.0350587
522	0.28188	0.0350599
523	0.28242	0.0350611
524	0.28296	0.0350623
525	0.2835	0.0350635
526	0.28404	0.0350647
527	0.28458	0.0350658
528	0.28512	0.035067
529	0.28566	0.0350681
530	0.2862	0.0350692
531	0.28674	0.0350703
532	0.28728	0.0350714
533	0.28782	0.0350725
534	0.28836	0.0350736
535	0.2889	0.0350746
536	0.28944	0.0350757
537	0.28998	0.0350767
538	0.29052	0.0350778
539	0.29106	0.0350788
540	0.2916	0.0350798
541	0.29214	0.0350808
542	0.29268	0.0350818
543	0.29322	0.0350828
544	0.29376	0.0350837
545	0.2943	0.0350847
546	0.29484	0.0350856
547	0.29538	0.0350866
548	0.29592	0.0350875
549	0.29646	0.0350884
550	0.297	0.0350894
551	0.29754	0.0350902
552	0.29808	0.0350911
553	0.29862	0.035092
554	0.29916	0.0350929
555	0.2997	0.0350937
556	0.30024	0.0350946
557	0.30078	0.0350954
558	0.30132	0.0350963
559	0.30186	0.0350971
560	0.3024	0.0350979
561	0.30294	0.0350987
562	0.30348	0.0350995
563	0.30402	0.0351003
564	0.30456	0.0351011
565	0.3051	0.0351018
566	0.30564	0.0351026
567	0.30618	0.0351033
568	0.30672	0.0351041
569	0.30726	0.0351048
570	0.3078	0.0351055
571	0.30834	0.0351063
572	0.30888	0.035107
573	0.30942	0.0351077
574	0.30996	0.0351084
575	0.3105	0.0351091
576	0.31104	0.0351097
577	0.31158	0.0351104
578	0.31212	0.0351111
579	0.31266	0.0351117
580	0.3132	0.0351124
581	0.31374	0.035113
582	0.31428	0.0351136
583	0.31482	0.0351143
584	0.31536	0.0351149
585	0.3159	0.0351155
586	0.31644	0.0351161
587	0.31698	0.0351167
588	0.31752	0.0351172
589	0.31806	0.0351178
590	0.3186	0.0351184
591	0.31914	0.0351189
592	0.31968	0.0351195
593	0.32022	0.03512
594	0.32076	0.0351206
595	0.3213	0.0351211
596	0.32184	0.0351217
597	0.32238	0.0351222
598	0.32292	0.0351227
599	0.32346	0.0351232
600	0.324	0.0351237
601	0.32454	0.0351242
602	0.32508	0.0351247
603	0.32562	0.0351252
604	0.32616	0.0351257
605	0.3267	0.0351262
606	0.32724	0.0351266
607	0.32778	0.0351271
608	0.32832	0.0351275
609	0.32886	0.035128
610	0.3294	0.0351285
611	0.32994	0.0351289
612	0.33048	0.0351293
613	0.33102	0.0351298
614	0.33156	0.0351302
615	0.3321	0.0351306
616	0.33264	0.035131
617	0.33318	0.0351314
618	0.33372	0.0351319
619	0.33426	0.0351323
620	0.3348	0.0351327
621	0.33534	0.0351331
622	0.33588	0.0351334
623	0.33642	0.0351338
624	0.33696	0.0351342
625	0.3375	0.0351346
626	0.33804	0.035135
627	0.33858	0.0351353
628	0.33912	0.0351357
629	0.33966	0.0351361
630	0.3402	0.0351364
631	0.34074	0.0351368
632	0.34128	0.0351371
633	0.34182	0.0351375
634	0.34236	0.0351378
635	0.3429	0.0351382
636	0.34344	0.0351385
637	0.34398	0.0351388
638	0.34452	0.0351392
639	0.34506	0.0351395
640	0.3456	0.0351398
641	0.34614	0.0351402
642	0.34668	0.0351405
643	0.34722	0.0351408
644	0.34776	0.0351411
645	0.3483	0.0351414
646	0.34884	0.0351417
647	0.34938	0.035142
648	0.34992	0.0351423
649	0.35046	0.0351426
650	0.351	0.0351429
651	0.35154	0.0351432
652	0.35208	0.0351435
653	0.35262	0.0351438
654	0.35316	0.035144
655	0.3537	0.0351443
656	0.35424	0.0351446
657	0.35478	0.0351449
658	0.35532	0.0351452
659	0.35586	0.0351454
660	0.3564	0.0351457
661	0.35694	0.0351459
662	0.35748	0.0351462
663	0.35802	0.0351465
664	0.35856	0.0351467
665	0.3591	0.035147
666	0.35964	0.0351472
667	0.36018	0.0351475
668	0.36072	0.0351477
669	0.36126	0.035148
670	0.3618	0.0351482
671	0.36234	0.0351484
672	0.36288	0.0351487
673	0.36342	0.0351489
674	0.36396	0.0351491
675	0.3645	0.0351493
676	0.36504	0.0351496
677	0.36558	0.0351498
678	0.36612	0.03515
679	0.36666	0.0351502
680	0.3672	0.0351504
681	0.36774	0.0351507
682	0.36828	0.0351509
683	0.36882	0.0351511
684	0.36936	0.0351513
685	0.3699	0.0351515
686	0.37044	0.0351517
687	0.37098	0.0351519
688	0.37152	0.0351521
689	0.37206	0.0351523
690	0.3726	0.0351524
691	0.37314	0.0351526
692	0.37368	0.0351528
693	0.37422	0.035153
694	0.37476	0.0351532
695	0.3753	0.0351533
696	0.37584	0.0351535
697	0.37638	0.0351537
698	0.37692	0.0351539
699	0.37746	0.035154
700	0.378	0.0351542
701	0.37854	0.0351544
702	0.37908	0.0351545
703	0.37962	0.0351547
704	0.38016	0.0351549
705	0.3807	0.035155
706	0.38124	0.0351552
707	0.38178	0.0351553
708	0.38232	0.0351554
709	0.38286	0.0351556
710	0.3834	0.0351557
711	0.38394	0.0351559
712	0.38448	0.035156
713	0.38502	0.0351562
714	0.38556	0.0351563
715	0.3861	0.0351565
716	0.38664	0.0351566
717	0.38718	0.0351567
718	0.38772	0.0351568
719	0.38826	0.035157
720	0.3888	0.0351571
721	0.38934	0.0351572
722	0.38988	0.0351573
723	0.39042	0.0351575
724	0.39096	0.0351576
725	0.3915	0.0351577
726	0.39204	0.0351578
727	0.39258	0.0351579
728	0.39312	0.035158
729	0.39366	0.0351582
730	0.3942	0.0351583
731	0.39474	0.0351584
732	0.39528	0.0351585
733	0.39582	0.0351586
734	0.39636	0.0351587
735	0.3969	0.0351588
736	0.39744	0.0351589
737	0.39798	0.035159
738	0.39852	0.0351591
739	0.39906	0.0351592
740	0.3996	0.0351593
741	0.40014	0.0351594
742	0.40068	0.0351595
743	0.40122	0.0351596
744	0.40176	0.0351597
745	0.4023	0.0351598
746	0.40284	0.0351599
747	0.40338	0.03516
748	0.40392	0.0351601
749	0.40446	0.0351602
750	0.405	0.0351603
751	0.40554	0.0351604
752	0.40608	0.0351605
753	0.40662	0.0351605
754	0.40716	0.0351606
755	0.4077	0.0351607
756	0.40824	0.0351608
757	0.40878	0.0351609
758	0.40932	0.0351609
759	0.40986	0.035161
760	0.4104	0.0351611
761	0.41094	0.0351612
762	0.41148	0.0351613
763	0.41202	0.0351614
764	0.41256	0.0351614
765	0.4131	0.0351615
766	0.41364	0.0351616
767	0.41418	0.0351617
768	0.41472	0.0351617
769	0.41526	0.0351618
770	0.4158	0.0351619
771	0.41634	0.035162
772	0.41688	0.035162
773	0.41742	0.0351621
774	0.41796	0.0351622
775	0.4185	0.0351622
776	0.41904	0.0351623
777	0.41958	0.0351624
778	0.42012	0.0351625
779	0.42066	0.0351625
780	0.4212	0.0351626
781	0.42174	0.0351627
782	0.42228	0.0351627
783	0.42282	0.0351628
784	0.42336	0.0351629
785	0.4239	0.0351629
786	0.42444	0.035163
787	0.42498	0.035163
788	0.42552	0.0351631
789	0.42606	0.0351632
790	0.4266	0.0351632
791	0.42714	0.0351633
792	0.42768	0.0351634
793	0.42822	0.0351634
794	0.42876	0.0351635
795	0.4293	0.0351635
796	0.42984	0.0351636
797	0.43038	0.0351636
798	0.43092	0.0351637
799	0.43146	0.0351637
800	0.432	0.0351638
801	0.43254	0.0351639
802	0.43308	0.0351639
803	0.43362	0.0351639
804	0.43416	0.035164
805	0.4347	0.0351641
806	0.43524	0.0351641
807	0.43578	0.0351642
808	0.43632	0.0351642
809	0.43686	0.0351643
810	0.4374	0.0351643
811	0.43794	0.0351643
812	0.43848	0.0351644
813	0.43902	0.0351644
814	0.43956	0.0351645
815	0.4401	0.0351645
816	0.44064	0.0351646
817	0.44118	0.0351646
818	0.44172	0.0351646
819	0.44226	0.0351647
820	0.4428	0.0351647
821	0.44334	0.0351648
822	0.44388	0.0351648
823	0.44442	0.0351648
824	0.44496	0.0351649
825	0.4455	0.0351649
826	0.44604	0.035165
827	0.44658	0.035165
828	0.44712	0.035165
829	0.44766	0.035165
830	0.4482	0.0351651
831	0.44874	0.0351651
832	0.44928	0.0351652
833	0.44982	0.0351652
834	0.45036	0.0351652
835	0.4509	0.0351653
836	0.45144	0.0351653
837	0.45198	0.0351653
838	0.45252	0.0351653
839	0.45306	0.0351654
840	0.4536	0.0351654
841	0.45414	0.0351654
842	0.45468	0.0351655
843	0.45522	0.0351655
844	0.45576	0.0351655
845	0.4563	0.0351655
846	0.45684	0.0351655
847	0.45738	0.0351656
848	0.45792	0.0351656
849	0.45846	0.0351656
850	0.459	0.0351657
851	0.45954	0.0351657
852	0.46008	0.0351657
853	0.46062	0.0351657
854	0.46116	0.0351658
855	0.4617	0.0351658
856	0.46224	0.0351658
857	0.46278	0.0351658
858	0.46332	0.0351659
859	0.46386	0.0351659
860	0.4644	0.0351659
861	0.46494	0.0351659
862	0.46548	0.035166
863	0.46602	0.035166
864	0.46656	0.035166
865	0.4671	0.035166
866	0.46764	0.035166
867	0.46818	0.0351661
868	0.46872	0.0351661
869	0.46926	0.0351661
870	0.4698	0.0351661
871	0.47034	0.0351661
872	0.47088	0.0351662
873	0.47142	0.0351662
874	0.47196	0.0351662
875	0.4725	0.0351662
876	0.47304	0.0351662
877	0.47358	0.0351663
878	0.47412	0.0351663
879	0.47466	0.0351663
880	0.4752	0.0351663
881	0.47574	0.0351663
882	0.47628	0.0351664
883	0.47682	0.0351664
884	0.47736	0.0351664
885	0.4779	0.0351664
886	0.47844	0.0351664
887	0.47898	0.0351664
888	0.47952	0.0351664
889	0.48006	0.0351665
890	0.4806	0.0351665
891	0.48114	0.0351665
892	0.48168	0.0351665
893	0.48222	0.0351665
894	0.48276	0.0351666
895	0.4833	0.0351666
896	0.48384	0.0351666
897	0.48438	0.0351666
898	0.48492	0.0351666
899	0.48546	0.0351666
900	0.486	0.0351667
901	0.48654	0.0351667
902	0.48708	0.0351667
903	0.48762	0.0351667
904	0.48816	0.0351667
905	0.4887	0.0351667
906	0.48924	0.0351667
907	0.48978	0.0351667
908	0.49032	0.0351668
909	0.49086	0.0351668
910	0.4914	0.0351668
911	0.49194	0.0351668
912	0.49248	0.0351668
913	0.49302	0.0351668
914	0.49356	0.0351668
915	0.4941	0.0351669
916	0.49464	0.0351669
917	0.49518	0.0351669
918	0.49572	0.0351669
919	0.49626	0.0351669
920	0.4968	0.0351669
921	0.49734	0.0351669
922	0.49788	0.0351669
923	0.49842	0.0351669
924	0.49896	0.0351669
925	0.4995	0.035167
926	0.50004	0.0351669
927	0.50058	0.035167
928	0.50112	0.035167
929	0.50166	0.035167
930	0.5022	0.035167
931	0.50274	0.035167
932	0.50328	0.035167
933	0.50382	0.0351671
934	0.50436	0.0351671
935	0.5049	0.035167
936	0.50544	0.0351671
937	0.50598	0.0351671
938	0.50652	0.0351671
939	0.50706	0.0351671
940	0.5076	0.0351671
941	0.50814	0.0351671
942	0.50868	0.0351671
943	0.50922	0.0351671
944	0.50976	0.0351671
945	0.5103	0.0351672
946	0.51084	0.0351671
947	0.51138	0.0351671
948	0.51192	0.0351672
949	0.51246	0.0351672
950	0.513	0.0351672
951	0.51354	0.0351672
952	0.51408	0.0351672
953	0.51462	0.0351672
954	0.51516	0.0351672
955	0.5157	0.0351672
956	0.51624	0.0351672
957	0.51678	0.0351672
958	0.51732	0.0351672
959	0.51786	0.0351672
960	0.5184	0.0351672
961	0.51894	0.0351672
962	0.51948	0.0351672
963	0.52002	0.0351673
964	0.52056	0.0351673
965	0.5211	0.0351673
966	0.52164	0.0351673
967	0.52218	0.0351673
968	0.52272	0.0351673
969	0.52326	0.0351673
970	0.5238	0.0351673
971	0.52434	0.0351673
972	0.52488	0.0351673
973	0.52542	0.0351673
974	0.52596	0.0351673
975	0.5265	0.0351673
976	0.52704	0.0351673
977	0.52758	0.0351673
978	0.52812	0.0351673
979	0.52866	0.0351673
980	0.5292	0.0351673
981	0.52974	0.0351673
982	0.53028	0.0351673
983	0.53082	0.0351673
984	0.53136	0.0351673
985	0.5319	0.0351673
986	0.53244	0.0351674
987	0.53298	0.0351673
988	0.53352	0.0351674
989	0.53406	0.0351674
990	0.5346	0.0351673
991	0.53514	0.0351674
992	0.53568	0.0351674
993	0.53622	0.0351674
994	0.53676	0.0351674
995	0.5373	0.0351674
996	0.53784	0.0351674
997	0.53838	0.0351674
998	0.53892	0.0351674
999	0.53946	0.0351674
1000	0.54	0.0351674
1001	0.54054	0.0351674
1002	0.54108	0.0351674
1003	0.54162	0.0351674
1004	0.54216	0.0351674
1005	0.5427	0.0351674
1006	0.54324	0.0351674
1007	0.54378	0.0351674
1008	0.54432	0.0351674
1009	0.54486	0.0351674
1010	0.5454	0.0351674
1011	0.54594	0.0351674
1012	0.54648	0.0351674
1013	0.54702	0.0351674
1014	0.54756	0.0351674
1015	0.5481	0.0351674
1016	0.54864	0.0351674
1017	0.54918	0.0351674
1018	0.54972	0.0351674
1019	0.55026	0.0351674
1020	0.5508	0.0351674
1021	0.55134	0.0351674
1022	0.55188	0.0351674
1023	0.55242	0.0351674
1024	0.55296	0.0351675
1025	0.5535	0.0351674
1026	0.55404	0.0351674
1027	0.55458	0.0351674
1028	0.55512	0.0351675
1029	0.55566	0.0351675
1030	0.5562	0.0351675
1031	0.55674	0.0351674
1032	0.55728	0.0351674
1033	0.55782	0.0351674
1034	0.55836	0.0351675
1035	0.5589	0.0351675
1036	0.55944	0.0351674
1037	0.55998	0.0351675
1038	0.56052	0.0351675
1039	0.56106	0.0351675
1040	0.5616	0.0351675
1041	0.56214	0.0351675
1042	0.56268	0.0351675
1043	0.56322	0.0351675
1044	0.56376	0.0351675
1045	0.5643	0.0351675
1046	0.56484	0.0351675
1047	0.56538	0.0351675
1048	0.56592	0.0351675
1049	0.56646	0.0351675
1050	0.567	0.0351675
1051	0.56754	0.0351675
1052	0.56808	0.0351675
1053	0.56862	0.0351675
1054	0.56916	0.0351675
1055	0.5697	0.0351675
1056	0.57024	0.0351675
1057	0.57078	0.0351675
1058	0.57132	0.0351675
1059	0.57186	0.0351675
1060	0.5724	0.0351675
1061	0.57294	0.0351675
1062	0.57348	0.0351675
1063	0.57402	0.0351675
1064	0.57456	0.0351675
1065	0.5751	0.0351675
1066	0.57564	0.0351675
1067	0.57618	0.0351675
1068	0.57672	0.0351675
1069	0.57726	0.0351675
1070	0.5778	0.0351675
1071	0.57834	0.0351675
1072	0.57888	0.0351675
1073	0.57942	0.0351675
1074	0.57996	0.0351675
1075	0.5805	0.0351675
1076	0.58104	0.0351675
1077	0.58158	0.0351675
1078	0.58212	0.0351675
1079	0.58266	0.0351675
1080	0.5832	0.0351675
1081	0.58374	0.0351675
1082	0.58428	0.0351675
1083	0.58482	0.0351675
1084	0.58536	0.0351675
1085	0.5859	0.0351675
1086	0.58644	0.0351675
1087	0.58698	0.0351675
1088	0.58752	0.0351675
1089	0.58806	0.0351675
1090	0.5886	0.0351675
1091	0.58914	0.0351675
1092	0.58968	0.0351675
1093	0.59022	0.0351675
1094	0.59076	0.0351675
1095	0.5913	0.0351675
1096	0.59184	0.0351675
1097	0.59238	0.0351675
1098	0.59292	0.0351675
1099	0.59346	0.0351675
1100	0.594	0.0351676
1101	0.59454	0.0351676
1102	0.59508	0.0351676
1103	0.59562	0.0351675
1104	0.59616	0.0351675
1105	0.5967	0.0351675
1106	0.59724	0.0351675
1107	0.59778	0.0351675
1108	0.59832	0.0351676
1109	0.59886	0.0351675
1110	0.5994	0.0351675
1111	0.59994	0.0351675
1112	0.60048	0.0351675
1113	0.60102	0.0351675
1114	0.60156	0.0351675
1115	0.6021	0.0351675
1116	0.60264	0.0351675
1117	0.60318	0.0351675
1118	0.60372	0.0351675
1119	0.60426	0.0351675
1120	0.6048	0.0351675
1121	0.60534	0.0351675
1122	0.60588	0.0351675
1123	0.60642	0.0351675
1124	0.60696	0.0351675
1125	0.6075	0.0351675
1126	0.60804	0.0351675
1127	0.60858	0.0351675
1128	0.60912	0.0351675
1129	0.60966	0.0351675
1130	0.6102	0.0351675
1131	0.61074	0.0351675
1132	0.61128	0.0351675
1133	0.61182	0.0351675
1134	0.61236	0.0351675
1135	0.6129	0.0351675
1136	0.61344	0.0351675
1137	0.61398	0.0351675
1138	0.61452	0.0351675
1139	0.61506	0.0351675
1140	0.6156	0.0351675
1141	0.61614	0.0351675
1142	0.61668	0.0351675
1143	0.61722	0.0351675
1144	0.61776	0.0351675
1145	0.6183	0.0351675
1146	0.61884	0.0351675
1147	0.61938	0.0351675
1148	0.61992	0.0351675
1149	0.62046	0.0351675
1150	0.621	0.0351675
1151	0.62154	0.0351675
1152	0.62208	0.0351675
1153	0.62262	0.0351675
1154	0.62316	0.0351675
1155	0.6237	0.0351675
1156	0.62424	0.0351675
1157	0.62478	0.0351675
1158	0.62532	0.0351675
1159	0.62586	0.0351675
1160	0.6264	0.0351675
1161	0.62694	0.0351675
1162	0.62748	0.0351675
1163	0.62802	0.0351675
1164	0.62856	0.0351675
1165	0.6291	0.0351675
1166	0.62964	0.0351675
1167	0.63018	0.0351675
1168	0.63072	0.0351675
1169	0.63126	0.0351675
1170	0.6318	0.0351675
1171	0.63234	0.0351675
1172	0.63288	0.0351675
1173	0.63342	0.0351675
1174	0.63396	0.0351675
1175	0.6345	0.0351675
1176	0.63504	0.0351675
1177	0.63558	0.0351675
1178	0.63612	0.0351675
1179	0.63666	0.0351675
1180	0.6372	0.0351675
1181	0.63774	0.0351675
1182	0.63828	0.0351675
1183	0.63882	0.0351675
1184	0.63936	0.0351675
1185	0.6399	0.0351675
1186	0.64044	0.0351675
1187	0.64098	0.0351675
1188	0.64152	0.0351675
1189	0.64206	0.0351675
1190	0.6426	0.0351675
1191	0.64314	0.0351675
1192	0.64368	0.0351675
1193	0.64422	0.0351675
1194	0.64476	0.0351675
1195	0.6453	0.0351675
1196	0.64584	0.0351675
1197	0.64638	0.0351675
1198	0.64692	0.0351675
1199	0.64746	0.0351675
1200	0.648	0.0351675
1201	0.64854	0.0351675
1202	0.64908	0.0351675
1203	0.64962	0.0351675
1204	0.65016	0.0351675
1205	0.6507	0.0351675
1206	0.65124	0.0351675
1207	0.65178	0.0351675
1208	0.65232	0.0351675
1209	0.65286	0.0351675
1210	0.6534	0.0351675
1211	0.65394	0.0351675
1212	0.65448	0.0351675
1213	0.65502	0.0351675
1214	0.65556	0.0351675
1215	0.6561	0.0351675
1216	0.65664	0.0351674
1217	0.65718	0.0351674
1218	0.65772	0.0351675
1219	0.65826	0.0351675
1220	0.6588	0.0351675
1221	0.65934	0.0351675
1222	0.65988	0.0351675
1223	0.66042	0.0351674
1224	0.66096	0.0351675
1225	0.6615	0.0351675
1226	0.66204	0.0351675
1227	0.66258	0.0351675
1228	0.66312	0.0351675
1229	0.66366	0.0351675
1230	0.6642	0.0351675
1231	0.66474	0.0351675
1232	0.66528	0.0351675
1233	0.66582	0.0351675
1234	0.66636	0.0351675
1235	0.6669	0.0351674
1236	0.66744	0.0351675
1237	0.66798	0.0351674
1238	0.66852	0.0351674
1239	0.66906	0.0351674
1240	0.6696	0.0351674
1241	0.67014	0.0351674
1242	0.67068	0.0351674
1243	0.67122	0.0351674
1244	0.67176	0.0351674
1245	0.6723	0.0351674
1246	0.67284	0.0351674
1247	0.67338	0.0351674
1248	0.67392	0.0351674
1249	0.67446	0.0351674
1250	0.675	0.0351674
1251	0.67554	0.0351674
1252	0.67608	0.0351674
1253	0.67662	0.0351674
1254	0.67716	0.0351674
1255	0.6777	0.0351674
1256	0.67824	0.0351674
1257	0.67878	0.0351674
1258	0.67932	0.0351674
1259	0.67986	0.0351674
1260	0.6804	0.0351674
1261	0.68094	0.0351674
1262	0.68148	0.0351674
1263	0.68202	0.0351674
1264	0.68256	0.0351674
1265	0.6831	0.0351674
1266	0.68364	0.0351674
1267	0.68418	0.0351674
1268	0.68472	0.0351674
1269	0.68526	0.0351674
1270	0.6858	0.0351674
1271	0.68634	0.0351674
1272	0.68688	0.0351674
1273	0.68742	0.0351674
1274	0.68796	0.0351674
1275	0.6885	0.0351674
1276	0.68904	0.0351674
1277	0.68958	0.0351674
1278	0.69012	0.0351674
1279	0.69066	0.0351674
1280	0.6912	0.0351674
1281	0.69174	0.0351674
1282	0.69228	0.0351674
1283	0.69282	0.0351674
1284	0.69336	0.0351674
1285	0.6939	0.0351674
1286	0.69444	0.0351674
1287	0.69498	0.0351674
1288	0.69552	0.0351674
1289	0.69606	0.0351674
1290	0.6966	0.0351674
1291	0.69714	0.0351674
1292	0.69768	0.0351674
1293	0.69822	0.0351674
1294	0.69876	0.0351674
1295	0.6993	0.0351674
1296	0.69984	0.0351674
1297	0.70038	0.0351674
1298	0.70092	0.0351674
1299	0.70146	0.0351674
1300	0.702	0.0351674
1301	0.70254	0.0351674
1302	0.70308	0.0351674
1303	0.70362	0.0351674
1304	0.70416	0.0351674
1305	0.7047	0.0351674
1306	0.70524	0.0351674
1307	0.70578	0.0351674
1308	0.70632	0.0351674
1309	0.70686	0.0351674
1310	0.7074	0.0351674
1311	0.70794	0.0351674
1312	0.70848	0.0351674
1313	0.70902	0.0351674
1314	0.70956	0.0351674
1315	0.7101	0.0351674
1316	0.71064	0.0351674
1317	0.71118	0.0351674
1318	0.71172	0.0351674
1319	0.71226	0.0351674
1320	0.7128	0.0351674
1321	0.71334	0.0351674
1322	0.71388	0.0351674
1323	0.71442	0.0351674
1324	0.71496	0.0351674
1325	0.7155	0.0351674
1326	0.71604	0.0351674
1327	0.71658	0.0351674
1328	0.71712	0.0351674
1329	0.71766	0.0351674
1330	0.7182	0.0351674
1331	0.71874	0.0351674
1332	0.71928	0.0351674
1333	0.71982	0.0351674
1334	0.72036	0.0351674
1335	0.7209	0.0351674
1336	0.72144	0.0351674
1337	0.72198	0.0351674
1338	0.72252	0.0351674
1339	0.72306	0.0351674
1340	0.7236	0.0351674
1341	0.72414	0.0351674
1342	0.72468	0.0351674
1343	0.72522	0.0351674
1344	0.72576	0.0351674
1345	0.7263	0.0351674
1346	0.72684	0.0351674
1347	0.72738	0.0351674
1348	0.72792	0.0351674
1349	0.72846	0.0351674
1350	0.729	0.0351674
1351	0.72954	0.0351674
1352	0.73008	0.0351674
1353	0.73062	0.0351674
1354	0.73116	0.0351674
1355	0.7317	0.0351674
1356	0.73224	0.0351674
1357	0.73278	0.0351674
1358	0.73332	0.0351674
1359	0.73386	0.0351674
1360	0.7344	0.0351674
1361	0.73494	0.0351674
1362	0.73548	0.0351674
1363	0.73602	0.0351674
1364	0.73656	0.0351674
1365	0.7371	0.0351674
1366	0.73764	0.0351674
1367	0.73818	0.0351674
1368	0.73872	0.0351674
1369	0.73926	0.0351674
1370	0.7398	0.0351674
1371	0.74034	0.0351674
1372	0.74088	0.0351674
1373	0.74142	0.0351674
1374	0.74196	0.0351674
1375	0.7425	0.0351674
1376	0.74304	0.0351674
1377	0.74358	0.0351674
1378	0.74412	0.0351674
1379	0.74466	0.0351674
1380	0.7452	0.0351674
1381	0.74574	0.0351674
1382	0.74628	0.0351674
1383	0.74682	0.0351674
1384	0.74736	0.0351674
1385	0.7479	0.0351674
1386	0.74844	0.0351674
1387	0.74898	0.0351674
1388	0.74952	0.0351674
1389	0.75006	0.0351674
1390	0.7506	0.0351674
1391	0.75114	0.0351674
1392	0.75168	0.0351674
1393	0.75222	0.0351674
1394	0.75276	0.0351674
1395	0.7533	0.0351674
1396	0.75384	0.0351674
1397	0.75438	0.0351674
1398	0.75492	0.0351674
1399	0.75546	0.0351674
1400	0.756	0.0351674
1401	0.75654	0.0351674
1402	0.75708	0.0351674
1403	0.75762	0.0351674
1404	0.75816	0.0351674
1405	0.7587	0.0351674
1406	0.75924	0.0351674
1407	0.75978	0.0351674
1408	0.76032	0.0351674
1409	0.76086	0.0351674
1410	0.7614	0.0351674
1411	0.76194	0.0351674
1412	0.76248	0.0351674
1413	0.76302	0.0351674
1414	0.76356	0.0351674
1415	0.7641	0.0351674
1416	0.76464	0.0351674
1417	0.76518	0.0351674
1418	0.76572	0.0351674
1419	0.76626	0.0351674
1420	0.7668	0.0351674
1421	0.76734	0.0351674
1422	0.76788	0.0351674
1423	0.76842	0.0351674
1424	0.76896	0.0351674
1425	0.7695	0.0351674
1426	0.77004	0.0351674
1427	0.77058	0.0351674
1428	0.77112	0.0351674
1429	0.77166	0.0351674
1430	0.7722	0.0351674
1431	0.77274	0.0351674
1432	0.77328	0.0351674
1433	0.77382	0.0351674
1434	0.77436	0.0351674
1435	0.7749	0.0351674
1436	0.77544	0.0351674
1437	0.77598	0.0351674
1438	0.77652	0.0351674
1439	0.77706	0.0351674
1440	0.7776	0.0351674
1441	0.77814	0.0351674
1442	0.77868	0.0351674
1443	0.77922	0.0351674
1444	0.77976	0.0351674
1445	0.7803	0.0351674
1446	0.78084	0.0351674
1447	0.78138	0.0351674
1448	0.78192	0.0351674
1449	0.78246	0.0351674
1450	0.783	0.0351674
1451	0.78354	0.0351674
1452	0.78408	0.0351674
1453	0.78462	0.0351674
1454	0.78516	0.0351674
1455	0.7857	0.0351674
1456	0.78624	0.0351674
1457	0.78678	0.0351674
1458	0.78732	0.0351674
1459	0.78786	0.0351674
1460	0.7884	0.0351674
1461	0.78894	0.0351674
1462	0.78948	0.0351674
1463	0.79002	0.0351674
1464	0.79056	0.0351674
1465	0.7911	0.0351674
1466	0.79164	0.0351674
1467	0.79218	0.0351674
1468	0.79272	0.0351674
1469	0.79326	0.0351674
1470	0.7938	0.0351674
1471	0.79434	0.0351674
1472	0.79488	0.0351674
1473	0.79542	0.0351674
1474	0.79596	0.0351674
1475	0.7965	0.0351674
1476	0.79704	0.0351674
1477	0.79758	0.0351674
1478	0.79812	0.0351674
1479	0.79866	0.0351674
1480	0.7992	0.0351674
1481	0.79974	0.0351674
1482	0.80028	0.0351674
1483	0.80082	0.0351674
1484	0.80136	0.0351674
1485	0.8019	0.0351674
1486	0.80244	0.0351674
1487	0.80298	0.0351674
1488	0.80352	0.0351674
1489	0.80406	0.0351674
1490	0.8046	0.0351674
1491	0.80514	0.0351674
1492	0.80568	0.0351674
1493	0.80622	0.0351674
1494	0.80676	0.0351674
1495	0.8073	0.0351674
1496	0.80784	0.0351674
1497	0.80838	0.0351674
1498	0.80892	0.0351674
1499	0.80946	0.0351674
1500	0.81	0.0351674
1501	0.81054	0.0351674
1502	0.81108	0.0351674
1503	0.81162	0.0351674
1504	0.81216	0.0351674
1505	0.8127	0.0351674
1506	0.81324	0.0351674
1507	0.81378	0.0351674
1508	0.81432	0.0351674
1509	0.81486	0.0351674
1510	0.8154	0.0351674
1511	0.81594	0.0351674
1512	0.81648	0.0351674
1513	0.81702	0.0351674
1514	0.81756	0.0351674
1515	0.8181	0.0351674
1516	0.81864	0.0351674
1517	0.81918	0.0351674
1518	0.81972	0.0351674
1519	0.82026	0.0351674
1520	0.8208	0.0351674
1521	0.82134	0.0351674
1522	0.82188	0.0351674
1523	0.82242	0.0351674
1524	0.82296	0.0351674
1525	0.8235	0.0351674
1526	0.82404	0.0351674
1527	0.82458	0.0351674
1528	0.82512	0.0351674
1529	0.82566	0.0351674
1530	0.8262	0.0351674
1531	0.82674	0.0351674
1532	0.82728	0.0351674
1533	0.82782	0.0351674
1534	0.82836	0.0351674
1535	0.8289	0.0351674
1536	0.82944	0.0351674
1537	0.82998	0.0351674
1538	0.83052	0.0351674
1539	0.83106	0.0351674
1540	0.8316	0.0351674
1541	0.83214	0.0351674
1542	0.83268	0.0351674
1543	0.83322	0.0351674
1544	0.83376	0.0351674
1545	0.8343	0.0351674
1546	0.83484	0.0351674
1547	0.83538	0.0351674
1548	0.83592	0.0351674
1549	0.83646	0.0351674
1550	0.837	0.0351674
1551	0.83754	0.0351674
1552	0.83808	0.0351674
1553	0.83862	0.0351674
1554	0.83916	0.0351674
1555	0.8397	0.0351674
1556	0.84024	0.0351674
1557	0.84078	0.0351674
1558	0.84132	0.0351674
1559	0.84186	0.0351674
1560	0.8424	0.0351674
1561	0.84294	0.0351674
1562	0.84348	0.0351674
1563	0.84402	0.0351674
1564	0.84456	0.0351674
1565	0.8451	0.0351674
1566	0.84564	0.0351674
1567	0.84618	0.0351674
1568	0.84672	0.0351674
1569	0.84726	0.0351674
1570	0.8478	0.0351674
1571	0.84834	0.0351674
1572	0.84888	0.0351674
1573	0.84942	0.0351674
1574	0.84996	0.0351674
1575	0.8505	0.0351674
1576	0.85104	0.0351674
1577	0.85158	0.0351674
1578	0.85212	0.0351674
1579	0.85266	0.0351674
1580	0.8532	0.0351674
1581	0.85374	0.0351674
1582	0.85428	0.0351674
1583	0.85482	0.0351674
1584	0.85536	0.0351674
1585	0.8559	0.0351674
1586	0.85644	0.0351674
1587	0.85698	0.0351674
1588	0.85752	0.0351674
1589	0.85806	0.0351674
1590	0.8586	0.0351674
1591	0.85914	0.0351674
1592	0.85968	0.0351674
1593	0.86022	0.0351674
1594	0.86076	0.0351674
1595	0.8613	0.0351674
1596	0.86184	0.0351674
1597	0.86238	0.0351674
1598	0.86292	0.0351674
1599	0.86346	0.0351674
1600	0.864	0.0351674
1601	0.86454	0.0351674
1602	0.86508	0.0351674
1603	0.86562	0.0351674
1604	0.86616	0.0351674
1605	0.8667	0.0351674
1606	0.86724	0.0351674
1607	0.86778	0.0351674
1608	0.86832	0.0351674
1609	0.86886	0.0351674
1610	0.8694	0.0351674
1611	0.86994	0.0351674
1612	0.87048	0.0351674
1613	0.87102	0.0351674
1614	0.87156	0.0351674
1615	0.8721	0.0351674
1616	0.87264	0.0351674
1617	0.87318	0.0351674
1618	0.87372	0.0351674
1619	0.87426	0.0351674
1620	0.8748	0.0351674
1621	0.87534	0.0351674
1622	0.87588	0.0351674
1623	0.87642	0.0351674
1624	0.87696	0.0351674
1625	0.8775	0.0351674
1626	0.87804	0.0351674
1627	0.87858	0.0351674
1628	0.87912	0.0351674
1629	0.87966	0.0351674
1630	0.8802	0.0351674
1631	0.88074	0.0351674
1632	0.88128	0.0351674
1633	0.88182	0.0351674
1634	0.88236	0.0351674
1635	0.8829	0.0351674
1636	0.88344	0.0351674
1637	0.88398	0.0351674
1638	0.88452	0.0351674
1639	0.88506	0.0351674
1640	0.8856	0.0351674
1641	0.88614	0.0351674
1642	0.88668	0.0351674
1643	0.88722	0.0351674
1644	0.88776	0.0351674
1645	0.8883	0.0351674
1646	0.88884	0.0351674
1647	0.88938	0.0351674
1648	0.88992	0.0351674
1649	0.89046	0.0351674
1650	0.891	0.0351674
1651	0.89154	0.0351674
1652	0.89208	0.0351674
1653	0.89262	0.0351674
1654	0.89316	0.0351674
1655	0.8937	0.0351674
1656	0.89424	0.0351674
1657	0.89478	0.0351674
1658	0.89532	0.0351674
1659	0.89586	0.0351674
1660	0.8964	0.0351674
1661	0.89694	0.0351674
1662	0.89748	0.0351674
1663	0.89802	0.0351674
1664	0.89856	0.0351674
1665	0.8991	0.0351674
1666	0.89964	0.0351674
1667	0.90018	0.0351674
1668	0.90072	0.0351674
1669	0.90126	0.0351674
1670	0.9018	0.0351674
1671	0.90234	0.0351674
1672	0.90288	0.0351674
1673	0.90342	0.0351674
1674	0.90396	0.0351674
1675	0.9045	0.0351674
1676	0.90504	0.0351674
1677	0.90558	0.0351674
1678	0.90612	0.0351674
1679	0.90666	0.0351674
1680	0.9072	0.0351674
1681	0.90774	0.0351674
1682	0.90828	0.0351674
1683	0.90882	0.0351674
1684	0.90936	0.0351674
1685	0.9099	0.0351674
1686	0.91044	0.0351674
1687	0.91098	0.0351674
1688	0.91152	0.0351674
1689	0.91206	0.0351674
1690	0.9126	0.0351674
1691	0.91314	0.0351674
1692	0.91368	0.0351674
1693	0.91422	0.0351674
1694	0.91476	0.0351674
1695	0.9153	0.0351674
1696	0.91584	0.0351674
1697	0.91638	0.0351674
1698	0.91692	0.0351674
1699	0.91746	0.0351674
1700	0.918	0.0351674
1701	0.91854	0.0351674
1702	0.91908	0.0351674
1703	0.91962	0.0351674
1704	0.92016	0.0351674
1705	0.9207	0.0351674
1706	0.92124	0.0351674
1707	0.92178	0.0351674
1708	0.92232	0.0351674
1709	0.92286	0.0351674
1710	0.9234	0.0351674
1711	0.92394	0.0351674
1712	0.92448	0.0351674
1713	0.92502	0.0351674
1714	0.92556	0.0351674
1715	0.9261	0.0351674
1716	0.92664	0.0351674
1717	0.92718	0.0351674
1718	0.92772	0.0351674
1719	0.92826	0.0351674
1720	0.9288	0.0351674
1721	0.92934	0.0351674
1722	0.92988	0.0351674
1723	0.93042	0.0351674
1724	0.93096	0.0351674
1725	0.9315	0.0351674
1726	0.93204	0.0351674
1727	0.93258	0.0351674
1728	0.93312	0.0351674
1729	0.93366	0.0351674
1730	0.9342	0.0351674
1731	0.93474	0.0351674
1732	0.93528	0.0351674
1733	0.93582	0.0351674
1734	0.93636	0.0351674
1735	0.9369	0.0351674
1736	0.93744	0.0351674
1737	0.93798	0.0351674
1738	0.93852	0.0351674
1739	0.93906	0.0351674
1740	0.9396	0.0351674
1741	0.94014	0.0351674
1742	0.94068	0.0351674
1743	0.94122	0.0351674
1744	0.94176	0.0351674
1745	0.9423	0.0351674
1746	0.94284	0.0351674
1747	0.94338	0.0351674
1748	0.94392	0.0351674
1749	0.94446	0.0351674
1750	0.945	0.0351674
1751	0.94554	0.0351674
1752	0.94608	0.0351674
1753	0.94662	0.0351674
1754	0.94716	0.0351674
1755	0.9477	0.0351674
1756	0.94824	0.0351674
1757	0.94878	0.0351674
1758	0.94932	0.0351674
1759	0.94986	0.0351674
1760	0.9504	0.0351674
1761	0.95094	0.0351674
1762	0.95148	0.0351674
1763	0.95202	0.0351674
1764	0.95256	0.0351674
1765	0.9531	0.0351674
1766	0.95364	0.0351674
1767	0.95418	0.0351674
1768	0.95472	0.0351674
1769	0.95526	0.0351674
1770	0.9558	0.0351674
1771	0.95634	0.0351674
1772	0.95688	0.0351674
1773	0.95742	0.0351674
1774	0.95796	0.0351674
1775	0.9585	0.0351674
1776	0.95904	0.0351674
1777	0.95958	0.0351674
1778	0.96012	0.0351674
1779	0.96066	0.0351674
1780	0.9612	0.0351674
1781	0.96174	0.0351674
1782	0.96228	0.0351674
1783	0.96282	0.0351674
1784	0.96336	0.0351674
1785	0.9639	0.0351674
1786	0.96444	0.0351674
1787	0.96498	0.0351674
1788	0.96552	0.0351674
1789	0.96606	0.0351674
1790	0.9666	0.0351674
1791	0.96714	0.0351674
1792	0.96768	0.0351674
1793	0.96822	0.0351674
1794	0.96876	0.0351674
1795	0.9693	0.0351674
1796	0.96984	0.0351674
1797	0.97038	0.0351674
1798	0.97092	0.0351674
1799	0.97146	0.0351674
1800	0.972	0.0351674
1801	0.97254	0.0351674
1802	0.97308	0.0351674
1803	0.97362	0.0351674
1804	0.97416	0.0351674
1805	0.9747	0.0351674
1806	0.97524	0.0351674
1807	0.97578	0.0351674
1808	0.97632	0.0351674
1809	0.97686	0.0351674
1810	0.9774	0.0351674
1811	0.97794	0.0351674
1812	0.97848	0.0351674
1813	0.97902	0.0351674
1814	0.97956	0.0351674
1815	0.9801	0.0351674
1816	0.98064	0.0351674
1817	0.98118	0.0351674
1818	0.98172	0.0351674
1819	0.98226	0.0351674
1820	0.9828	0.0351674
1821	0.98334	0.0351674
1822	0.98388	0.0351674
1823	0.98442	0.0351674
1824	0.98496	0.0351674
1825	0.9855	0.0351674
1826	0.98604	0.0351674
1827	0.98658	0.0351674
1828	0.98712	0.0351674
1829	0.98766	0.0351674
1830	0.9882	0.0351674
1831	0.98874	0.0351674
1832	0.98928	0.0351674
1833	0.98982	0.0351674
1834	0.99036	0.0351674
1835	0.9909	0.0351674
1836	0.99144	0.0351674
1837	0.99198	0.0351674
1838	0.99252	0.0351674
1839	0.99306	0.0351674
1840	0.9936	0.0351674
1841	0.99414	0.0351674
1842	0.99468	0.0351674
1843	0.99522	0.0351674
1844	0.99576	0.0351674
1845	0.9963	0.0351674
1846	0.99684	0.0351674
1847	0.99738	0.0351674
1848	0.99792	0.0351674
1849	0.99846	0.0351674
1850	0.999	0.0351674
1851	0.99954	0.0351674
1852	1.00008	0.0351674
1853	1.00062	0.0351674
1854	1.00116	0.0351674
1855	1.0017	0.0351674
1856	1.00224	0.0351674
1857	1.00278	0.0351674
1858	1.00332	0.0351674
1859	1.00386	0.0351674
1860	1.0044	0.0351674
1861	1.00494	0.0351674
1862	1.00548	0.0351674
1863	1.00602	0.0351674
1864	1.00656	0.0351674
1865	1.0071	0.0351674
1866	1.00764	0.0351674
1867	1.00818	0.0351674
1868	1.00872	0.0351674
1869	1.00926	0.0351674
1870	1.0098	0.0351674
1871	1.01034	0.0351674
1872	1.01088	0.0351674
1873	1.01142	0.0351674
1874	1.01196	0.0351674
1875	1.0125	0.0351674
1876	1.01304	0.0351674
1877	1.01358	0.0351674
1878	1.01412	0.0351674
1879	1.01466	0.0351674
1880	1.0152	0.0351674
1881	1.01574	0.0351674
1882	1.01628	0.0351674
1883	1.01682	0.0351674
1884	1.01736	0.0351674
1885	1.0179	0.0351674
1886	1.01844	0.0351674
1887	1.01898	0.0351674
1888	1.01952	0.0351674
1889	1.02006	0.0351674
1890	1.0206	0.0351674
1891	1.02114	0.0351674
1892	1.02168	0.0351674
1893	1.02222	0.0351674
1894	1.02276	0.0351674
1895	1.0233	0.0351674
1896	1.02384	0.0351674
1897	1.02438	0.0351674
1898	1.02492	0.0351674
1899	1.02546	0.0351674
1900	1.026	0.0351674
1901	1.02654	0.0351674
1902	1.02708	0.0351674
1903	1.02762	0.0351674
1904	1.02816	0.0351674
1905	1.0287	0.0351674
1906	1.02924	0.0351674
1907	1.02978	0.0351674
1908	1.03032	0.0351674
1909	1.03086	0.0351674
1910	1.0314	0.0351674
1911	1.03194	0.0351674
1912	1.03248	0.0351674
1913	1.03302	0.0351674
1914	1.03356	0.0351674
1915	1.0341	0.0351674
1916	1.03464	0.0351674
1917	1.03518	0.0351674
1918	1.03572	0.0351674
1919	1.03626	0.0351674
1920	1.0368	0.0351674
1921	1.03734	0.0351674
1922	1.03788	0.0351674
1923	1.03842	0.0351674
1924	1.03896	0.0351674
1925	1.0395	0.0351674
1926	1.04004	0.0351674
1927	1.04058	0.0351674
1928	1.04112	0.0351674
1929	1.04166	0.0351674
1930	1.0422	0.0351674
1931	1.04274	0.0351674
1932	1.04328	0.0351674
1933	1.04382	0.0351674
1934	1.04436	0.0351674
1935	1.0449	0.0351674
1936	1.04544	0.0351674
1937	1.04598	0.0351674
1938	1.04652	0.0351674
1939	1.04706	0.0351674
1940	1.0476	0.0351674
1941	1.04814	0.0351674
1942	1.04868	0.0351674
1943	1.04922	0.0351674
1944	1.04976	0.0351674
1945	1.0503	0.0351674
1946	1.05084	0.0351674
1947	1.05138	0.0351674
1948	1.05192	0.0351674
1949	1.05246	0.0351674
1950	1.053	0.0351674
1951	1.05354	0.0351674
1952	1.05408	0.0351674
1953	1.05462	0.0351674
1954	1.05516	0.0351674
1955	1.0557	0.0351674
1956	1.05624	0.0351674
1957	1.05678	0.0351674
1958	1.05732	0.0351674
1959	1.05786	0.0351674
1960	1.0584	0.0351674
1961	1.05894	0.0351674
1962	1.05948	0.0351674
1963	1.06002	0.0351674
1964	1.06056	0.0351674
1965	1.0611	0.0351674
1966	1.06164	0.0351674
1967	1.06218	0.0351674
1968	1.06272	0.0351674
1969	1.06326	0.0351674
1970	1.0638	0.0351674
1971	1.06434	0.0351674
1972	1.06488	0.0351674
1973	1.06542	0.0351674
1974	1.06596	0.0351674
1975	1.0665	0.0351674
1976	1.06704	0.0351674
1977	1.06758	0.0351674
1978	1.06812	0.0351674
1979	1.06866	0.0351674
1980	1.0692	0.0351674
1981	1.06974	0.0351674
1982	1.07028	0.0351674
1983	1.07082	0.0351674
1984	1.07136	0.0351674
1985	1.0719	0.0351674
1986	1.07244	0.0351674
1987	1.07298	0.0351674
1988	1.07352	0.0351674
1989	1.07406	0.0351674
1990	1.0746	0.0351674
1991	1.07514	0.0351674
1992	1.07568	0.0351674
1993	1.07622	0.0351674
1994	1.07676	0.0351674
1995	1.0773	0.0351674
1996	1.07784	0.0351674
1997	1.07838	0.0351674
1998	1.07892	0.0351674
1999	1.07946	0.0351674
2000	1.08	0.0351674
2001	1.08054	0.0351674
2002	1.08108	0.0351674
2003	1.08162	0.0351674
2004	1.08216	0.0351674
2005	1.0827	0.0351674
2006	1.08324	0.0351674
2007	1.08378	0.0351674
2008	1.08432	0.0351674
2009	1.08486	0.0351674
2010	1.0854	0.0351674
2011	1.08594	0.0351674
2012	1.08648	0.0351674
2013	1.08702	0.0351674
2014	1.08756	0.0351674
2015	1.0881	0.0351674
2016	1.08864	0.0351674
2017	1.08918	0.0351674
2018	1.08972	0.0351674
2019	1.09026	0.0351674
2020	1.0908	0.0351674
2021	1.09134	0.0351674
2022	1.09188	0.0351674
2023	1.09242	0.0351674
2024	1.09296	0.0351674
2025	1.0935	0.0351674
2026	1.09404	0.0351674
2027	1.09458	0.0351674
2028	1.09512	0.0351674
2029	1.09566	0.0351674
2030	1.0962	0.0351674
2031	1.09674	0.0351674
2032	1.09728	0.0351674
2033	1.09782	0.0351674
2034	1.09836	0.0351674
2035	1.0989	0.0351674
2036	1.09944	0.0351674
2037	1.09998	0.0351674
2038	1.10052	0.0351674
2039	1.10106	0.0351674
2040	1.1016	0.0351674
2041	1.10214	0.0351674
2042	1.10268	0.0351674
2043	1.10322	0.0351674
2044	1.10376	0.0351674
2045	1.1043	0.0351674
2046	1.10484	0.0351674
2047	1.10538	0.0351674
2048	1.10592	0.0351674
2049	1.10646	0.0351674
2050	1.107	0.0351674
2051	1.10754	0.0351674
2052	1.10808	0.0351674
2053	1.10862	0.0351674
2054	1.10916	0.0351674
2055	1.1097	0.0351674
2056	1.11024	0.0351674
2057	1.11078	0.0351674
2058	1.11132	0.0351674
2059	1.11186	0.0351674
2060	1.1124	0.0351674
2061	1.11294	0.0351674
2062	1.11348	0.0351674
2063	1.11402	0.0351674
2064	1.11456	0.0351674
2065	1.1151	0.0351674
2066	1.11564	0.0351674
2067	1.11618	0.0351674
2068	1.11672	0.0351674
2069	1.11726	0.0351674
2070	1.1178	0.0351674
2071	1.11834	0.0351674
2072	1.11888	0.0351674
2073	1.11942	0.0351674
2074	1.11996	0.0351674
2075	1.1205	0.0351674
2076	1.12104	0.0350879
2077	1.12158	0.0349591
2078	1.12212	0.0345956
2079	1.12266	0.0340816
2080	1.1232	0.0335211
2081	1.12374	0.0329551
2082	1.12428	0.0323905
2083	1.12482	0.0318556
2084	1.12536	0.031444
2085	1.1259	0.03115
2086	1.12644	0.0309464
2087	1.12698	0.0308073
2088	1.12752	0.0307125
2089	1.12806	0.0306477
2090	1.1286	0.030603
2091	1.12914	0.0305719
2092	1.12968	0.0305497
2093	1.13022	0.0305335
2094	1.13076	0.0305212
2095	1.1313	0.0305116
2096	1.13184	0.0305038
2097	1.13238	0.0304972
2098	1.13292	0.0304914
2099	1.13346	0.0304861
2100	1.134	0.0304812
2101	1.13454	0.0304766
2102	1.13508	0.0304721
2103	1.13562	0.0304678
2104	1.13616	0.0304635
2105	1.1367	0.0304594
2106	1.13724	0.0304553
2107	1.13778	0.0304513
2108	1.13832	0.0304473
2109	1.13886	0.0304434
2110	1.1394	0.0304395
2111	1.13994	0.0304356
2112	1.14048	0.0304318
2113	1.14102	0.030428
2114	1.14156	0.0304242
2115	1.1421	0.0304205
2116	1.14264	0.0304168
2117	1.14318	0.0304131
2118	1.14372	0.0304095
2119	1.14426	0.0304059
2120	1.1448	0.0304023
2121	1.14534	0.0303988
2122	1.14588	0.0303952
2123	1.14642	0.0303918
2124	1.14696	0.0303883
2125	1.1475	0.0303849
2126	1.14804	0.0303815
2127	1.14858	0.0303781
2128	1.14912	0.0303748
2129	1.14966	0.0303714
2130	1.1502	0.0303682
2131	1.15074	0.0303649
2132	1.15128	0.0303617
2133	1.15182	0.0303585
2134	1.15236	0.0303553
2135	1.1529	0.0303522
2136	1.15344	0.030349
2137	1.15398	0.0303459
2138	1.15452	0.0303428
2139	1.15506	0.0303398
2140	1.1556	0.0303368
2141	1.15614	0.0303338
2142	1.15668	0.0303308
2143	1.15722	0.0303278
2144	1.15776	0.0303249
2145	1.1583	0.030322
2146	1.15884	0.0303192
2147	1.15938	0.0303163
2148	1.15992	0.0303135
2149	1.16046	0.0303107
2150	1.161	0.0303079
2151	1.16154	0.0303052
2152	1.16208	0.0303024
2153	1.16262	0.0302997
2154	1.16316	0.030297
2155	1.1637	0.0302943
2156	1.16424	0.0302917
2157	1.16478	0.030289
2158	1.16532	0.0302864
2159	1.16586	0.0302839
2160	1.1664	0.0302813
2161	1.16694	0.0302788
2162	1.16748	0.0302762
2163	1.16802	0.0302737
2164	1.16856	0.0302713
2165	1.1691	0.0302688
2166	1.16964	0.0302664
2167	1.17018	0.030264
2168	1.17072	0.0302616
2169	1.17126	0.0302592
2170	1.1718	0.0302568
2171	1.17234	0.0302545
2172	1.17288	0.0302522
2173	1.17342	0.0302498
2174	1.17396	0.0302476
2175	1.1745	0.0302453
2176	1.17504	0.0302431
2177	1.17558	0.0302408
2178	1.17612	0.0302386
2179	1.17666	0.0302364
2180	1.1772	0.0302343
2181	1.17774	0.0302321
2182	1.17828	0.0302299
2183	1.17882	0.0302278
2184	1.17936	0.0302257
2185	1.1799	0.0302236
2186	1.18044	0.0302216
2187	1.18098	0.0302195
2188	1.18152	0.0302175
2189	1.18206	0.0302154
2190	1.1826	0.0302134
2191	1.18314	0.0302114
2192	1.18368	0.0302095
2193	1.18422	0.0302075
2194	1.18476	0.0302056
2195	1.1853	0.0302036
2196	1.18584	0.0302017
2197	1.18638	0.0301998
2198	1.18692	0.0301979
2199	1.18746	0.0301961
2200	1.188	0.0301942
2201	1.18854	0.0301924
2202	1.18908	0.0301905
2203	1.18962	0.0301887
2204	1.19016	0.0301869
2205	1.1907	0.0301851
2206	1.19124	0.0301834
2207	1.19178	0.0301816
2208	1.19232	0.0301799
2209	1.19286	0.0301782
2210	1.1934	0.0301764
2211	1.19394	0.0301747
2212	1.19448	0.0301731
2213	1.19502	0.0301714
2214	1.19556	0.0301697
2215	1.1961	0.0301681
2216	1.19664	0.0301665
2217	1.19718	0.0301648
2218	1.19772	0.0301632
2219	1.19826	0.0301616
2220	1.1988	0.03016
2221	1.19934	0.0301585
2222	1.19988	0.0301569
2223	1.20042	0.0301554
2224	1.20096	0.0301538
2225	1.2015	0.0301523
2226	1.20204	0.0301508
2227	1.20258	0.0301493
2228	1.20312	0.0301478
2229	1.20366	0.0301463
2230	1.2042	0.0301449
2231	1.20474	0.0301434
2232	1.20528	0.030142
2233	1.20582	0.0301405
2234	1.20636	0.0301391
2235	1.2069	0.0301377
2236	1.20744	0.0301363
2237	1.20798	0.0301349
2238	1.20852	0.0301335
2239	1.20906	0.0301322
2240	1.2096	0.0301308
2241	1.21014	0.0301295
2242	1.21068	0.0301281
2243	1.21122	0.0301268
2244	1.21176	0.0301255
2245	1.2123	0.0301242
2246	1.21284	0.0301229
2247	1.21338	0.0301216
2248	1.21392	0.0301203
2249	1.21446	0.0301191
2250	1.215	0.0301178
2251	1.21554	0.0301166
2252	1.21608	0.0301153
2253	1.21662	0.0301141
2254	1.21716	0.0301129
2255	1.2177	0.0301117
2256	1.21824	0.0301105
2257	1.21878	0.0301093
2258	1.21932	0.0301081
2259	1.21986	0.0301069
2260	1.2204	0.0301057
2261	1.22094	0.0301046
2262	1.22148	0.0301034
2263	1.22202	0.0301023
2264	1.22256	0.0301012
2265	1.2231	0.0301
2266	1.22364	0.0300989
2267	1.22418	0.0300978
2268	1.22472	0.0300967
2269	1.22526	0.0300956
2270	1.2258	0.0300946
2271	1.22634	0.0300935
2272	1.22688	0.0300924
2273	1.22742	0.0300914
2274	1.22796	0.0300903
2275	1.2285	0.0300893
2276	1.22904	0.0300882
2277	1.22958	0.0300872
2278	1.23012	0.0300862
2279	1.23066	0.0300852
2280	1.2312	0.0300842
2281	1.23174	0.0300832
2282	1.23228	0.0300822
2283	1.23282	0.0300812
2284	1.23336	0.0300802
2285	1.2339	0.0300793
2286	1.23444	0.0300783
2287	1.23498	0.0300774
2288	1.23552	0.0300764
2289	1.23606	0.0300755
2290	1.2366	0.0300745
2291	1.23714	0.0300736
2292	1.23768	0.0300727
2293	1.23822	0.0300718
2294	1.23876	0.0300709
2295	1.2393	0.03007
2296	1.23984	0.0300691
2297	1.24038	0.0300682
2298	1.24092	0.0300673
2299	1.24146	0.0300665
2300	1.242	0.0300656
2301	1.24254	0.0300648
2302	1.24308	0.0300639
2303	1.24362	0.0300631
2304	1.24416	0.0300622
2305	1.2447	0.0300614
2306	1.24524	0.0300606
2307	1.24578	0.0300598
2308	1.24632	0.0300589
2309	1.24686	0.0300581
2310	1.2474	0.0300573
2311	1.24794	0.0300565
2312	1.24848	0.0300557
2313	1.24902	0.0300549
2314	1.24956	0.0300541
2315	1.2501	0.0300534
2316	1.25064	0.0300526
2317	1.25118	0.0300518
2318	1.25172	0.0300511
2319	1.25226	0.0300503
2320	1.2528	0.0300496
2321	1.25334	0.0300488
2322	1.25388	0.0300481
2323	1.25442	0.0300474
2324	1.25496	0.0300466
2325	1.2555	0.0300459
2326	1.25604	0.0300452
2327	1.25658	0.0300445
2328	1.25712	0.0300438
2329	1.25766	0.0300431
2330	1.2582	0.0300424
2331	1.25874	0.0300417
2332	1.25928	0.030041
2333	1.25982	0.0300403
2334	1.26036	0.0300396
2335	1.2609	0.030039
2336	1.26144	0.0300383
2337	1.26198	0.0300377
2338	1.26252	0.030037
2339	1.26306	0.0300363
2340	1.2636	0.0300357
2341	1.26414	0.0300351
2342	1.26468	0.0300344
2343	1.26522	0.0300338
2344	1.26576	0.0300331
2345	1.2663	0.0300325
2346	1.26684	0.0300319
2347	1.26738	0.0300313
2348	1.26792	0.0300307
2349	1.26846	0.0300301
2350	1.269	0.0300295
2351	1.26954	0.0300289
2352	1.27008	0.0300283
2353	1.27062	0.0300277
2354	1.27116	0.0300271
2355	1.2717	0.0300265
2356	1.27224	0.0300259
2357	1.27278	0.0300254
2358	1.27332	0.0300248
2359	1.27386	0.0300242
2360	1.2744	0.0300237
2361	1.27494	0.0300231
2362	1.27548	0.0300226
2363	1.27602	0.030022
2364	1.27656	0.0300214
2365	1.2771	0.0300209
2366	1.27764	0.0300204
2367	1.27818	0.0300198
2368	1.27872	0.0300193
2369	1.27926	0.0300188
2370	1.2798	0.0300183
2371	1.28034	0.0300177
2372	1.28088	0.0300172
2373	1.28142	0.0300167
2374	1.28196	0.0300162
2375	1.2825	0.0300157
2376	1.28304	0.0300152
2377	1.28358	0.0300147
2378	1.28412	0.0300142
2379	1.28466	0.0300137
2380	1.2852	0.0300132
2381	1.28574	0.0300127
2382	1.28628	0.0300122
2383	1.28682	0.0300118
2384	1.28736	0.0300113
2385	1.2879	0.0300108
2386	1.28844	0.0300103
2387	1.28898	0.0300099
2388	1.28952	0.0300094
2389	1.29006	0.030009
2390	1.2906	0.0300085
2391	1.29114	0.0300081
2392	1.29168	0.0300076
2393	1.29222	0.0300072
2394	1.29276	0.0300067
2395	1.2933	0.0300063
2396	1.29384	0.0300058
2397	1.29438	0.0300054
2398	1.29492	0.030005
2399	1.29546	0.0300045
2400	1.296	0.0300041
2401	1.29654	0.0300037
2402	1.29708	0.0300033
2403	1.29762	0.0300029
2404	1.29816	0.0300025
2405	1.2987	0.030002
2406	1.29924	0.0300016
2407	1.29978	0.0300012
2408	1.30032	0.0300008
2409	1.30086	0.0300004
2410	1.3014	0.03
2411	1.30194	0.0299996
2412	1.30248	0.0299992
2413	1.30302	0.0299989
2414	1.30356	0.0299985
2415	1.3041	0.0299981
2416	1.30464	0.0299977
2417	1.30518	0.0299973
2418	1.30572	0.029997
2419	1.30626	0.0299966
2420	1.3068	0.0299962
2421	1.30734	0.0299958
2422	1.30788	0.0299955
2423	1.30842	0.0299951
2424	1.30896	0.0299948
2425	1.3095	0.0299944
2426	1.31004	0.0299941
2427	1.31058	0.0299937
2428	1.31112	0.0299933
2429	1.31166	0.029993
2430	1.3122	0.0299926
2431	1.31274	0.0299923
2432	1.31328	0.029992
2433	1.31382	0.0299916
2434	1.31436	0.0299913
2435	1.3149	0.029991
2436	1.31544	0.0299906
2437	1.31598	0.0299903
2438	1.31652	0.02999
2439	1.31706	0.0299897
2440	1.3176	0.0299893
2441	1.31814	0.029989
2442	1.31868	0.0299887
2443	1.31922	0.0299884
2444	1.31976	0.0299881
2445	1.3203	0.0299877
2446	1.32084	0.0299874
2447	1.32138	0.0299871
2448	1.32192	0.0299868
2449	1.32246	0.0299865
2450	1.323	0.0299862
2451	1.32354	0.0299859
2452	1.32408	0.0299856
2453	1.32462	0.0299853
2454	1.32516	0.029985
2455	1.3257	0.0299848
2456	1.32624	0.0299844
2457	1.32678	0.0299842
2458	1.32732	0.0299839
2459	1.32786	0.0299836
2460	1.3284	0.0299833
2461	1.32894	0.029983
2462	1.32948	0.0299828
2463	1.33002	0.0299825
2464	1.33056	0.0299822
2465	1.3311	0.0299819
2466	1.33164	0.0299817
2467	1.33218	0.0299814
2468	1.33272	0.0299811
2469	1.33326	0.0299809
2470	1.3338	0.0299806
2471	1.33434	0.0299803
2472	1.33488	0.0299801
2473	1.33542	0.0299798
2474	1.33596	0.0299795
2475	1.3365	0.0299793
2476	1.33704	0.0299791
2477	1.33758	0.0299788
2478	1.33812	0.0299785
2479	1.33866	0.0299783
2480	1.3392	0.0299781
2481	1.33974	0.0299778
2482	1.34028	0.0299776
2483	1.34082	0.0299773
2484	1.34136	0.0299771
2485	1.3419	0.0299769
2486	1.34244	0.0299766
2487	1.34298	0.0299764
2488	1.34352	0.0299761
2489	1.34406	0.0299759
2490	1.3446	0.0299757
2491	1.34514	0.0299755
2492	1.34568	0.0299752
2493	1.34622	0.029975
2494	1.34676	0.0299748
2495	1.3473	0.0299745
2496	1.34784	0.0299743
2497	1.34838	0.0299741
2498	1.34892	0.0299739
2499	1.34946	0.0299737
2500	1.35	0.0299735
2501	1.35054	0.0299732
2502	1.35108	0.029973
2503	1.35162	0.0299728
2504	1.35216	0.0299726
2505	1.3527	0.0299724
2506	1.35324	0.0299722
2507	1.35378	0.029972
2508	1.35432	0.0299718
2509	1.35486	0.0299716
2510	1.3554	0.0299714
2511	1.35594	0.0299712
2512	1.35648	0.029971
2513	1.35702	0.0299708
2514	1.35756	0.0299706
2515	1.3581	0.0299704
2516	1.35864	0.0299702
2517	1.35918	0.02997
2518	1.35972	0.0299698
2519	1.36026	0.0299696
2520	1.3608	0.0299695
2521	1.36134	0.0299693
2522	1.36188	0.0299691
2523	1.36242	0.0299689
2524	1.36296	0.0299687
2525	1.3635	0.0299685
2526	1.36404	0.0299684
2527	1.36458	0.0299682
2528	1.36512	0.029968
2529	1.36566	0.0299678
2530	1.3662	0.0299676
2531	1.36674	0.0299674
2532	1.36728	0.0299673
2533	1.36782	0.0299671
2534	1.36836	0.0299669
2535	1.3689	0.0299668
2536	1.36944	0.0299666
2537	1.36998	0.0299664
2538	1.37052	0.0299662
2539	1.37106	0.0299661
2540	1.3716	0.0299659
2541	1.37214	0.0299658
2542	1.37268	0.0299656
2543	1.37322	0.0299654
2544	1.37376	0.0299653
2545	1.3743	0.0299651
2546	1.37484	0.029965
2547	1.37538	0.0299648
2548	1.37592	0.0299646
2549	1.37646	0.0299645
2550	1.377	0.0299643
2551	1.37754	0.0299642
2552	1.37808	0.029964
2553	1.37862	0.0299639
2554	1.37916	0.0299637
2555	1.3797	0.0299635
2556	1.38024	0.0299634
2557	1.38078	0.0299633
2558	1.38132	0.0299631
2559	1.38186	0.029963
2560	1.3824	0.0299628
2561	1.38294	0.0299627
2562	1.38348	0.0299625
2563	1.38402	0.0299624
2564	1.38456	0.0299623
2565	1.3851	0.0299621
2566	1.38564	0.029962
2567	1.38618	0.0299618
2568	1.38672	0.0299617
2569	1.38726	0.0299616
2570	1.3878	0.0299614
2571	1.38834	0.0299613
2572	1.38888	0.0299612
2573	1.38942	0.029961
2574	1.38996	0.0299609
2575	1.3905	0.0299608
2576	1.39104	0.0299607
2577	1.39158	0.0299605
2578	1.39212	0.0299604
2579	1.39266	0.0299603
2580	1.3932	0.0299601
2581	1.39374	0.02996
2582	1.39428	0.0299599
2583	1.39482	0.0299598
2584	1.39536	0.0299596
2585	1.3959	0.0299595
2586	1.39644	0.0299594
2587	1.39698	0.0299593
2588	1.39752	0.0299591
2589	1.39806	0.0299591
2590	1.3986	0.0299589
2591	1.39914	0.0299588
2592	1.39968	0.0299587
2593	1.40022	0.0299586
2594	1.40076	0.0299584
2595	1.4013	0.0299583
2596	1.40184	0.0299582
2597	1.40238	0.0299581
2598	1.40292	0.029958
2599	1.40346	0.0299579
2600	1.404	0.0299578
2601	1.40454	0.0299577
2602	1.40508	0.0299576
2603	1.40562	0.0299574
2604	1.40616	0.0299573
2605	1.4067	0.0299572
2606	1.40724	0.0299571
2607	1.40778	0.029957
2608	1.40832	0.0299569
2609	1.40886	0.0299568
2610	1.4094	0.0299567
2611	1.40994	0.0299566
2612	1.41048	0.0299565
2613	1.41102	0.0299565
2614	1.41156	0.0299564
2615	1.4121	0.0299563
2616	1.41264	0.0299562
2617	1.41318	0.0299561
2618	1.41372	0.029956
2619	1.41426	0.0299559
2620	1.4148	0.0299558
2621	1.41534	0.0299557
2622	1.41588	0.0299556
2623	1.41642	0.0299555
2624	1.41696	0.0299555
2625	1.4175	0.0299554
2626	1.41804	0.0299553
2627	1.41858	0.0299552
2628	1.41912	0.0299551
2629	1.41966	0.029955
2630	1.4202	0.029955
2631	1.42074	0.0299549
2632	1.42128	0.0299548
2633	1.42182	0.0299547
2634	1.42236	0.0299546
2635	1.4229	0.0299546
2636	1.42344	0.0299545
2637	1.42398	0.0299544
2638	1.42452	0.0299543
2639	1.42506	0.0299542
2640	1.4256	0.0299542
2641	1.42614	0.0299541
2642	1.42668	0.029954
2643	1.42722	0.0299539
2644	1.42776	0.0299538
2645	1.4283	0.0299537
2646	1.42884	0.0299537
2647	1.42938	0.0299536
2648	1.42992	0.0299535
2649	1.43046	0.0299535
2650	1.431	0.0299534
2651	1.43154	0.0299533
2652	1.43208	0.0299532
2653	1.43262	0.0299531
2654	1.43316	0.0299531
2655	1.4337	0.029953
2656	1.43424	0.0299529
2657	1.43478	0.0299529
2658	1.43532	0.0299528
2659	1.43586	0.0299527
2660	1.4364	0.0299527
2661	1.43694	0.0299526
2662	1.43748	0.0299525
2663	1.43802	0.0299524
2664	1.43856	0.0299523
2665	1.4391	0.0299523
2666	1.43964	0.0299522
2667	1.44018	0.0299522
2668	1.44072	0.0299522
2669	1.44126	0.0299521
2670	1.4418	0.029952
2671	1.44234	0.0299519
2672	1.44288	0.0299518
2673	1.44342	0.0299518
2674	1.44396	0.0299517
2675	1.4445	0.0299516
2676	1.44504	0.0299516
2677	1.44558	0.0299515
2678	1.44612	0.0299514
2679	1.44666	0.0299514
2680	1.4472	0.0299514
2681	1.44774	0.0299513
2682	1.44828	0.0299512
2683	1.44882	0.0299512
2684	1.44936	0.0299511
2685	1.4499	0.029951
2686	1.45044	0.029951
2687	1.45098	0.0299509
2688	1.45152	0.0299508
2689	1.45206	0.0299508
2690	1.4526	0.0299508
2691	1.45314	0.0299507
2692	1.45368	0.0299506
2693	1.45422	0.0299506
2694	1.45476	0.0299505
2695	1.4553	0.0299504
2696	1.45584	0.0299504
2697	1.45638	0.0299503
2698	1.45692	0.0299502
2699	1.45746	0.0299502
2700	1.458	0.0299501
2701	1.45854	0.0299501
2702	1.45908	0.0299501
2703	1.45962	0.02995
2704	1.46016	0.0299499
2705	1.4607	0.0299499
2706	1.46124	0.0299498
2707	1.46178	0.0299498
2708	1.46232	0.0299497
2709	1.46286	0.0299497
2710	1.4634	0.0299496
2711	1.46394	0.0299495
2712	1.46448	0.0299495
2713	1.46502	0.0299495
2714	1.46556	0.0299494
2715	1.4661	0.0299494
2716	1.46664	0.0299493
2717	1.46718	0.0299493
2718	1.46772	0.0299492
2719	1.46826	0.0299491
2720	1.4688	0.0299491
2721	1.46934	0.029949
2722	1.46988	0.029949
2723	1.47042	0.029949
2724	1.47096	0.0299489
2725	1.4715	0.0299489
2726	1.47204	0.0299488
2727	1.47258	0.0299488
2728	1.47312	0.0299487
2729	1.47366	0.0299487
2730	1.4742	0.0299486
2731	1.47474	0.0299486
2732	1.47528	0.0299485
2733	1.47582	0.0299485
2734	1.47636	0.0299485
2735	1.4769	0.0299484
2736	1.47744	0.0299484
2737	1.47798	0.0299483
2738	1.47852	0.0299483
2739	1.47906	0.0299482
2740	1.4796	0.0299482
2741	1.48014	0.0299481
2742	1.48068	0.0299481
2743	1.48122	0.029948
2744	1.48176	0.029948
2745	1.4823	0.029948
2746	1.48284	0.0299479
2747	1.48338	0.0299479
2748	1.48392	0.0299478
2749	1.48446	0.0299478
2750	1.485	0.0299478
2751	1.48554	0.0299477
2752	1.48608	0.0299477
2753	1.48662	0.0299476
2754	1.48716	0.0299476
2755	1.4877	0.0299476
2756	1.48824	0.0299476
2757	1.48878	0.0299475
2758	1.48932	0.0299474
2759	1.48986	0.0299474
2760	1.4904	0.0299474
2761	1.49094	0.0299473
2762	1.49148	0.0299473
2763	1.49202	0.0299472
2764	1.49256	0.0299472
2765	1.4931	0.0299471
2766	1.49364	0.0299471
2767	1.49418	0.0299471
2768	1.49472	0.0299471
2769	1.49526	0.029947
2770	1.4958	0.029947
2771	1.49634	0.0299469
2772	1.49688	0.0299469
2773	1.49742	0.0299469
2774	1.49796	0.0299468
2775	1.4985	0.0299468
2776	1.49904	0.0299468
2777	1.49958	0.0299467
2778	1.50012	0.0299467
2779	1.50066	0.0299467
2780	1.5012	0.0299466
2781	1.50174	0.0299466
2782	1.50228	0.0299466
2783	1.50282	0.0299465
2784	1.50336	0.0299465
2785	1.5039	0.0299465
2786	1.50444	0.0299464
2787	1.50498	0.0299464
2788	1.50552	0.0299463
2789	1.50606	0.0299463
2790	1.5066	0.0299463
2791	1.50714	0.0299463
2792	1.50768	0.0299462
2793	1.50822	0.0299462
2794	1.50876	0.0299462
2795	1.5093	0.0299461
2796	1.50984	0.0299461
2797	1.51038	0.0299461
2798	1.51092	0.029946
2799	1.51146	0.029946
2800	1.512	0.029946
2801	1.51254	0.029946
2802	1.51308	0.0299459
2803	1.51362	0.0299459
2804	1.51416	0.0299458
2805	1.5147	0.0299458
2806	1.51524	0.0299458
2807	1.51578	0.0299458
2808	1.51632	0.0299457
2809	1.51686	0.0299457
2810	1.5174	0.0299456
2811	1.51794	0.0299456
2812	1.51848	0.0299456
2813	1.51902	0.0299456
2814	1.51956	0.0299456
2815	1.5201	0.0299455
2816	1.52064	0.0299455
2817	1.52118	0.0299455
2818	1.52172	0.0299454
2819	1.52226	0.0299454
2820	1.5228	0.0299454
2821	1.52334	0.0299453
2822	1.52388	0.0299454
2823	1.52442	0.0299453
2824	1.52496	0.0299453
2825	1.5255	0.0299453
2826	1.52604	0.0299453
2827	1.52658	0.0299452
2828	1.52712	0.0299452
2829	1.52766	0.0299451
2830	1.5282	0.0299451
2831	1.52874	0.0299451
2832	1.52928	0.0299451
2833	1.52982	0.0299451
2834	1.53036	0.029945
2835	1.5309	0.029945
2836	1.53144	0.029945
2837	1.53198	0.029945
2838	1.53252	0.0299449
2839	1.53306	0.0299449
2840	1.5336	0.0299449
2841	1.53414	0.0299448
2842	1.53468	0.0299448
2843	1.53522	0.0299448
2844	1.53576	0.0299448
2845	1.5363	0.0299448
2846	1.53684	0.0299447
2847	1.53738	0.0299447
2848	1.53792	0.0299447
2849	1.53846	0.0299447
2850	1.539	0.0299447
2851	1.53954	0.0299446
2852	1.54008	0.0299446
2853	1.54062	0.0299446
2854	1.54116	0.0299446
2855	1.5417	0.0299446
2856	1.54224	0.0299445
2857	1.54278	0.0299445
2858	1.54332	0.0299445
2859	1.54386	0.0299444
2860	1.5444	0.0299444
2861	1.54494	0.0299444
2862	1.54548	0.0299444
2863	1.54602	0.0299443
2864	1.54656	0.0299443
2865	1.5471	0.0299443
2866	1.54764	0.0299443
2867	1.54818	0.0299443
2868	1.54872	0.0299443
2869	1.54926	0.0299442
2870	1.5498	0.0299442
2871	1.55034	0.0299442
2872	1.55088	0.0299442
2873	1.55142	0.0299441
2874	1.55196	0.0299441
2875	1.5525	0.0299441
2876	1.55304	0.0299441
2877	1.55358	0.0299441
2878	1.55412	0.029944
2879	1.55466	0.029944
2880	1.5552	0.029944
2881	1.55574	0.029944
2882	1.55628	0.029944
2883	1.55682	0.0299439
2884	1.55736	0.0299439
2885	1.5579	0.0299439
2886	1.55844	0.0299439
2887	1.55898	0.0299439
2888	1.55952	0.0299439
2889	1.56006	0.0299438
2890	1.5606	0.0299438
2891	1.56114	0.0299438
2892	1.56168	0.0299438
2893	1.56222	0.0299438
2894	1.56276	0.0299437
2895	1.5633	0.0299437
2896	1.56384	0.0299437
2897	1.56438	0.0299437
2898	1.56492	0.0299437
2899	1.56546	0.0299437
2900	1.566	0.0299437
2901	1.56654	0.0299436
2902	1.56708	0.0299436
2903	1.56762	0.0299436
2904	1.56816	0.0299436
2905	1.5687	0.0299436
2906	1.56924	0.0299435
2907	1.56978	0.0299435
2908	1.57032	0.0299435
2909	1.57086	0.0299435
2910	1.5714	0.0299435
2911	1.57194	0.0299435
2912	1.57248	0.0299435
2913	1.57302	0.0299434
2914	1.57356	0.0299434
2915	1.5741	0.0299434
2916	1.57464	0.0299434
2917	1.57518	0.0299434
2918	1.57572	0.0299433
2919	1.57626	0.0299433
2920	1.5768	0.0299433
2921	1.57734	0.0299433
2922	1.57788	0.0299433
2923	1.57842	0.0299433
2924	1.57896	0.0299433
2925	1.5795	0.0299433
2926	1.58004	0.0299432
2927	1.58058	0.0299432
2928	1.58112	0.0299432
2929	1.58166	0.0299432
2930	1.5822	0.0299432
2931	1.58274	0.0299431
2932	1.58328	0.0299431
2933	1.58382	0.0299431
2934	1.58436	0.0299431
2935	1.5849	0.0299431
2936	1.58544	0.0299431
2937	1.58598	0.0299431
2938	1.58652	0.029943
2939	1.58706	0.029943
2940	1.5876	0.029943
2941	1.58814	0.029943
2942	1.58868	0.029943
2943	1.58922	0.029943
2944	1.58976	0.029943
2945	1.5903	0.029943
2946	1.59084	0.0299429
2947	1.59138	0.0299429
2948	1.59192	0.0299429
2949	1.59246	0.0299429
2950	1.593	0.0299429
2951	1.59354	0.0299429
2952	1.59408	0.0299429
2953	1.59462	0.0299429
2954	1.59516	0.0299429
2955	1.5957	0.0299428
2956	1.59624	0.0299428
2957	1.59678	0.0299428
2958	1.59732	0.0299428
2959	1.59786	0.0299428
2960	1.5984	0.0299428
2961	1.59894	0.0299428
2962	1.59948	0.0299427
2963	1.60002	0.0299427
2964	1.60056	0.0299427
2965	1.6011	0.0299427
2966	1.60164	0.0299427
2967	1.60218	0.0299427
2968	1.60272	0.0299427
2969	1.60326	0.0299427
2970	1.6038	0.0299426
2971	1.60434	0.0299426
2972	1.60488	0.0299426
2973	1.60542	0.0299426
2974	1.60596	0.0299426
2975	1.6065	0.0299426
2976	1.60704	0.0299426
2977	1.60758	0.0299426
2978	1.60812	0.0299426
2979	1.60866	0.0299425
2980	1.6092	0.0299425
2981	1.60974	0.0299425
2982	1.61028	0.0299425
2983	1.61082	0.0299425
2984	1.61136	0.0299425
2985	1.6119	0.0299425
2986	1.61244	0.0299425
2987	1.61298	0.0299425
2988	1.61352	0.0299425
2989	1.61406	0.0299424
2990	1.6146	0.0299424
2991	1.61514	0.0299424
2992	1.61568	0.0299424
2993	1.61622	0.0299424
2994	1.61676	0.0299424
2995	1.6173	0.0299424
2996	1.61784	0.0299424
2997	1.61838	0.0299424
2998	1.61892	0.0299424
2999	1.61946	0.0299423
3000	1.62	0.0299423
3001	1.62054	0.0299423
3002	1.62108	0.0299423
3003	1.62162	0.0299423
3004	1.62216	0.0299423
3005	1.6227	0.0299423
3006	1.62324	0.0299423
3007	1.62378	0.0299423
3008	1.62432	0.0299423
3009	1.62486	0.0299423
3010	1.6254	0.0299422
3011	1.62594	0.0299422
3012	1.62648	0.0299422
3013	1.62702	0.0299422
3014	1.62756	0.0299422
3015	1.6281	0.0299422
3016	1.62864	0.0299422
3017	1.62918	0.0299422
3018	1.62972	0.0299421
3019	1.63026	0.0299422
3020	1.6308	0.0299422
3021	1.63134	0.0299421
3022	1.63188	0.0299421
3023	1.63242	0.0299421
3024	1.63296	0.0299421
3025	1.6335	0.0299421
3026	1.63404	0.0299421
3027	1.63458	0.0299421
3028	1.63512	0.0299421
3029	1.63566	0.0299421
3030	1.6362	0.0299421
3031	1.63674	0.0299421
3032	1.63728	0.0299421
3033	1.63782	0.0299421
3034	1.63836	0.029942
3035	1.6389	0.029942
3036	1.63944	0.029942
3037	1.63998	0.029942
3038	1.64052	0.029942
3039	1.64106	0.029942
3040	1.6416	0.029942
3041	1.64214	0.029942
3042	1.64268	0.029942
3043	1.64322	0.029942
3044	1.64376	0.0299419
3045	1.6443	0.0299419
3046	1.64484	0.0299419
3047	1.64538	0.029942
3048	1.64592	0.0299419
3049	1.64646	0.0299419
3050	1.647	0.0299419
3051	1.64754	0.0299419
3052	1.64808	0.0299419
3053	1.64862	0.0299419
3054	1.64916	0.0299419
3055	1.6497	0
3056	1.65024	0
3057	1.65078	0
3058	1.65132	0
3059	1.65186	0
3060	1.6524	0
3061	1.65294	0
3062	1.65348	0
3063	1.65402	0
