TimeSlice	Time	LH_Knee	LH_HipZ	LH_AnkleZ
0	0	0	0	0
19	0.01026	-0.165417	-0.0197292	-0.165307
38	0.02052	-0.288377	0.00550375	-0.333831
57	0.03078	-0.351822	0.0695534	-0.481651
76	0.04104	-0.368941	0.158715	-0.607106
95	0.0513	-0.351436	0.261528	-0.708661
114	0.06156	-0.307066	0.370525	-0.785737
133	0.07182	-0.241793	0.481062	-0.839183
152	0.08208	-0.160237	0.590599	-0.871242
171	0.09234	-0.0668263	0.697629	-0.886948
190	0.1026	0.0370423	0.802588	-0.888949
209	0.11286	0.151296	0.90657	-0.878529
228	0.12312	0.277038	1.01122	-0.85614
247	0.13338	0.417087	1.119	-0.821259
266	0.14364	0.577546	1.2341	-0.771746
285	0.1539	0.773172	1.36549	-0.701537
304	0.16416	1.06329	1.54739	-0.585235
323	0.17442	1.11752	1.59146	-0.564334
342	0.18468	1.22624	1.6622	-0.511613
361	0.19494	0.3657	1.17568	-0.865868
380	0.2052	0.521504	1.26742	-0.777165
399	0.21546	0.691335	1.36395	-0.673815
418	0.22572	0.894961	1.47633	-0.546415
437	0.23598	1.25875	1.67626	-0.339854
456	0.24624	0.447943	1.20041	-0.624947
475	0.2565	0.617157	1.27829	-0.476197
494	0.26676	0.824076	1.372	-0.297764
513	0.27702	1.18779	1.54897	-0.0377769
532	0.28728	1.61994	1.75743	0.266956
551	0.29754	1.38004	1.57315	0.298353
570	0.3078	1.18526	1.43779	0.272283
589	0.31806	1.36831	1.53575	0.357387
608	0.32832	1.3123	1.49421	0.342925
627	0.33858	1.23456	1.43985	0.319552
646	0.34884	1.16128	1.38811	0.298002
665	0.3591	1.09205	1.33875	0.278124
684	0.36936	1.02731	1.29192	0.260209
703	0.37962	0.967273	1.24763	0.244451
722	0.38988	0.909674	1.20482	0.229655
741	0.40014	0.854645	1.16354	0.215893
760	0.4104	0.802184	1.12378	0.203175
779	0.42066	0.752226	1.0855	0.191478
798	0.43092	0.704678	1.04864	0.180765
817	0.44118	0.659438	1.01316	0.170993
836	0.45144	0.6164	0.978977	0.162114
855	0.4617	0.575456	0.946048	0.154078
874	0.47196	0.536504	0.914314	0.146837
893	0.48222	0.499442	0.883725	0.140342
912	0.49248	0.464177	0.85423	0.134547
931	0.50274	0.430615	0.825785	0.129406
950	0.513	0.39867	0.798346	0.124875
969	0.52326	0.36826	0.771873	0.120913
988	0.53352	0.339306	0.746326	0.117478
1007	0.54378	0.326753	0.736741	0.111515
1026	0.55404	0.331663	0.739685	0.113284
1045	0.5643	0.336468	0.742643	0.115076
1064	0.57456	0.340664	0.745233	0.116627
1083	0.58482	0.344327	0.747498	0.11797
1102	0.59508	0.347524	0.749477	0.119132
1121	0.60534	0.350311	0.751203	0.120137
1140	0.6156	0.352739	0.752707	0.121006
1159	0.62586	0.354852	0.754015	0.121756
1178	0.63612	0.35669	0.75515	0.122403
1197	0.64638	0.358289	0.756137	0.12296
1216	0.65664	0.359683	0.756996	0.123439
1235	0.6669	0.360896	0.757742	0.123851
1254	0.67716	0.361951	0.758389	0.124204
1273	0.68742	0.362867	0.75895	0.124506
1292	0.69768	0.363662	0.759434	0.124763
1311	0.70794	0.36435	0.75985	0.124981
1330	0.7182	0.364944	0.760208	0.125164
1349	0.72846	0.365456	0.760513	0.125317
1368	0.73872	0.365896	0.760773	0.125444
1387	0.74898	0.366272	0.760993	0.125548
1406	0.75924	0.366592	0.761177	0.125631
1425	0.7695	0.366863	0.76133	0.125697
1444	0.77976	0.367091	0.761456	0.125748
1463	0.79002	0.367281	0.761557	0.125785
1482	0.80028	0.367438	0.761638	0.125809
1501	0.81054	0.367565	0.761699	0.125824
1520	0.8208	0.367666	0.761744	0.125829
1539	0.83106	0.36784	0.761854	0.125868
1558	0.84132	0.368078	0.76202	0.125925
1577	0.85158	0.368295	0.762174	0.12597
1596	0.86184	0.368486	0.762308	0.126015
1615	0.8721	0.368654	0.762425	0.126053
1634	0.88236	0.3688	0.762527	0.126086
1653	0.89262	0.368927	0.762615	0.126112
1672	0.90288	0.369035	0.76269	0.126135
1691	0.91314	0.369127	0.762753	0.126149
1710	0.9234	0.369204	0.762805	0.126164
1729	0.93366	0.369267	0.762845	0.126182
1748	0.94392	0.369317	0.762877	0.126191
1767	0.95418	0.369355	0.7629	0.126197
1786	0.96444	0.369381	0.762914	0.126203
1805	0.9747	0.369398	0.76292	0.126204
1824	0.98496	0.369405	0.76292	0.126204
1843	0.99522	0.369403	0.762912	0.126202
1862	1.00548	0.369392	0.762898	0.126204
1881	1.01574	0.369374	0.762878	0.126199
1900	1.026	0.369349	0.762852	0.126192
1919	1.03626	0.369316	0.762822	0.126184
1938	1.04652	0.369277	0.762785	0.12618
1957	1.05678	0.369232	0.762744	0.126171
1976	1.06704	0.369182	0.762699	0.126158
1995	1.0773	0.369139	0.762661	0.126153
2014	1.08756	0.369157	0.762674	0.126151
2033	1.09782	0.369168	0.762681	0.126155
2052	1.10808	0.369172	0.762682	0.126153
2071	1.11834	0.369169	0.762678	0.126154
2090	1.1286	0.369159	0.762668	0.126149
2109	1.13886	0.268458	0.696516	0.0827625
2128	1.14912	0.272277	0.687735	0.106302
2147	1.15938	0.260302	0.677462	0.114673
2166	1.16964	0.253242	0.664936	0.121636
2185	1.1799	0.250307	0.65509	0.128996
2204	1.19016	0.248409	0.64773	0.135399
2223	1.20042	0.246904	0.641799	0.140768
2242	1.21068	0.245637	0.636947	0.145237
2261	1.22094	0.244567	0.632984	0.148958
2280	1.2312	0.243667	0.629762	0.152064
2299	1.24146	0.243363	0.627398	0.155025
2318	1.25172	0.244794	0.62678	0.159121
2337	1.26198	0.244752	0.625729	0.161906
2356	1.27224	0.244343	0.624775	0.164037
2375	1.2825	0.243905	0.624076	0.165772
2394	1.29276	0.243524	0.623633	0.167221
2413	1.30302	0.24321	0.623407	0.168447
2432	1.31328	0.242952	0.623348	0.16949
2451	1.32354	0.242744	0.623421	0.170384
2470	1.3338	0.242582	0.6236	0.171158
2489	1.34406	0.242461	0.623862	0.171832
2508	1.35432	0.242365	0.624183	0.172417
2527	1.36458	0.242291	0.624546	0.172929
2546	1.37484	0.242235	0.624937	0.173379
2565	1.3851	0.242194	0.625347	0.173778
2584	1.39536	0.242166	0.625766	0.174134
2603	1.40562	0.242147	0.626187	0.174453
2622	1.41588	0.242136	0.626605	0.17474
2641	1.42614	0.242131	0.627016	0.174999
2660	1.4364	0.24213	0.627417	0.175235
2679	1.44666	0.242133	0.627806	0.17545
2698	1.45692	0.242139	0.628181	0.175646
2717	1.46718	0.242146	0.628541	0.175826
2736	1.47744	0.242155	0.628886	0.175992
2755	1.4877	0.242165	0.629215	0.176144
2774	1.49796	0.242175	0.629529	0.176285
2793	1.50822	0.242186	0.629827	0.176415
2812	1.51848	0.242197	0.63011	0.176536
2831	1.52874	0.242207	0.630378	0.176648
2850	1.539	0.159684	0.563704	0.182065
2869	1.54926	-0.024845	0.328397	0.243912
2888	1.55952	-0.109429	0.134837	0.329304
2907	1.56978	-0.182698	-0.0608495	0.439183
2926	1.58004	-0.148622	-0.0645339	0.470866
2945	1.5903	-0.0884018	0.023437	0.438853
2964	1.60056	-0.0789518	0.0237392	0.444474
2983	1.61082	-0.0845849	-0.0101477	0.46759
3002	1.62108	-0.072081	-0.00631438	0.470321
3021	1.63134	-0.0576995	0.00847094	0.464425
3040	1.6416	-0.0529239	0.00701526	0.46519
3059	1.65186	-0.0499003	0.00134663	0.468101
3078	1.66212	-0.0441891	0.00150916	0.467771
3097	1.67238	-0.038479	0.00293829	0.466222
3116	1.68264	-0.0338879	0.00252103	0.465395
3135	1.6929	-0.0296136	0.00145872	0.464849
3154	1.70316	-0.0251688	0.000822013	0.464019
3173	1.71342	-0.0206785	0.000396538	0.46301
3192	1.72368	-0.0247821	-0.00357323	0.45703
3211	1.73394	-0.0318905	-0.00555855	0.446803
3230	1.7442	-0.0368597	-0.00673325	0.438907
3249	1.75446	-0.0538382	-0.0181336	0.434155
3268	1.76472	-0.10676	-0.0613703	0.432689
3287	1.77498	-0.156661	-0.114494	0.442254
3306	1.78524	-0.198015	-0.168215	0.45745
3325	1.7955	-0.235627	-0.223885	0.477939
3344	1.80576	-0.269186	-0.281002	0.503612
3363	1.81602	-0.298348	-0.33897	0.534233
3382	1.82628	-0.322777	-0.397129	0.569494
3401	1.83654	-0.342175	-0.454771	0.609008
3420	1.8468	-0.356294	-0.51116	0.652307
3439	1.85706	-0.36547	-0.565816	0.698564
3458	1.86732	-0.369384	-0.617555	0.746965
3477	1.87758	-0.367682	-0.66554	0.797085
3496	1.88784	-0.360632	-0.709438	0.848331
3515	1.8981	-0.348544	-0.749025	0.900177
3534	1.90836	-0.33176	-0.784182	0.95217
3553	1.91862	-0.310641	-0.814886	1.00394
3572	1.92888	-0.285554	-0.841197	1.05519
3591	1.93914	-0.256862	-0.86324	1.1057
3610	1.9494	-0.224912	-0.881192	1.1553
3629	1.95966	-0.190034	-0.895257	1.20389
3648	1.96992	-0.152533	-0.905662	1.25141
3667	1.98018	-0.112695	-0.912644	1.29781
3686	1.99044	-0.0707373	-0.916431	1.34312
3705	2.0007	-0.0265391	-0.917186	1.38762
3724	2.01096	0.0198019	-0.915077	1.43139
3743	2.02122	0.0681749	-0.910242	1.47444
3762	2.03148	0.118482	-0.902826	1.51684
3781	2.04174	0.170661	-0.892951	1.55863
3800	2.052	0.224692	-0.880715	1.59991
3819	2.06226	0.280596	-0.866189	1.64076
3838	2.07252	0.338449	-0.84941	1.6813
3857	2.08278	0.398384	-0.830373	1.72165
3876	2.09304	0.460615	-0.809025	1.76197
3895	2.1033	0.525233	-0.785437	1.80255
3914	2.11356	0.592414	-0.759943	1.84486
3933	2.12382	0.664644	-0.730795	1.88859
3952	2.13408	0.743374	-0.697217	1.9344
3971	2.14434	0.831343	-0.657708	1.98351
3990	2.1546	0.934093	-0.609163	2.03837
4009	2.16486	1.06643	-0.543182	2.10537
4028	2.17512	1.39358	-0.365464	2.25543
4047	2.18538	1.27347	-0.441028	2.21137
4066	2.19564	1.36486	-0.392244	2.2532
4085	2.2059	1.36115	-0.393432	2.25125
4104	2.21616	1.3393	-0.40497	2.24161
4123	2.22642	1.31701	-0.416814	2.23178
4142	2.23668	1.2957	-0.428122	2.22238
4161	2.24694	1.27586	-0.438621	2.21362
4180	2.2572	1.25733	-0.448398	2.20543
4199	2.26746	1.23999	-0.457532	2.19777
4218	2.27772	1.22371	-0.466086	2.19057
4237	2.28798	1.20841	-0.474111	2.18381
4256	2.29824	1.194	-0.481652	2.17744
4275	2.3085	1.18042	-0.488746	2.17145
4294	2.31876	1.16761	-0.495425	2.1658
4313	2.32902	1.15551	-0.50172	2.16046
4332	2.33928	1.14409	-0.507657	2.15543
4351	2.34954	1.13329	-0.513259	2.15068
4370	2.3598	1.12307	-0.518548	2.14619
4389	2.37006	1.11341	-0.523544	2.14194
4408	2.38032	1.10427	-0.528265	2.13793
4427	2.39058	1.09561	-0.532727	2.13414
4446	2.40084	1.08741	-0.536947	2.13056
4465	2.4111	1.07964	-0.540939	2.12717
4484	2.42136	1.07229	-0.544716	2.12396
4503	2.43162	1.06532	-0.54829	2.12093
4522	2.44188	1.05871	-0.551673	2.11806
4541	2.45214	1.05245	-0.554875	2.11535
4560	2.4624	1.04652	-0.557907	2.11279
4579	2.47266	1.0409	-0.560777	2.11036
4598	2.48292	1.03557	-0.563495	2.10807
4617	2.49318	1.03052	-0.566068	2.1059
4636	2.50344	1.02573	-0.568505	2.10385
4655	2.5137	1.02119	-0.570813	2.10191
4674	2.52396	1.01689	-0.572997	2.10008
4693	2.53422	1.01282	-0.575066	2.09835
4712	2.54448	1.00896	-0.577024	2.09671
4731	2.55474	1.00531	-0.578878	2.09517
4750	2.565	1.00184	-0.580633	2.09371
4769	2.57526	0.998563	-0.582294	2.09233
4788	2.58552	0.995458	-0.583866	2.09103
4807	2.59578	0.992519	-0.585352	2.0898
4826	2.60604	0.989737	-0.586759	2.08865
4845	2.6163	0.987106	-0.588089	2.08756
4864	2.62656	0.984621	-0.589343	2.08653
4883	2.63682	0.982285	-0.590521	2.08558
4902	2.64708	0.98009	-0.591626	2.08469
4921	2.65734	0.978028	-0.592662	2.08387
4940	2.6676	0.976094	-0.593633	2.08311
4959	2.67786	0.97428	-0.594543	2.08241
4978	2.68812	0.972583	-0.595394	2.08176
4997	2.69838	0.970996	-0.596189	2.08117
5016	2.70864	0.969515	-0.59693	2.08063
5035	2.7189	0.968135	-0.59762	2.08014
5054	2.72916	0.966852	-0.598262	2.0797
5073	2.73942	0.965662	-0.598857	2.0793
5092	2.74968	0.964561	-0.599407	2.07895
5111	2.75994	0.963546	-0.599914	2.07863
5130	2.7702	0.962614	-0.60038	2.07836
5149	2.78046	0.96176	-0.600807	2.07813
5168	2.79072	0.960982	-0.601196	2.07794
5187	2.80098	0.960276	-0.601548	2.07778
5206	2.81124	0.959641	-0.601867	2.07765
5225	2.8215	0.959071	-0.602151	2.07756
5244	2.83176	0.958566	-0.602404	2.0775
5263	2.84202	0.958123	-0.602627	2.07747
5282	2.85228	0.957739	-0.60282	2.07747
5301	2.86254	0.95741	-0.602985	2.07749
5320	2.8728	0.957136	-0.603124	2.07755
5339	2.88306	0.956913	-0.603236	2.07762
5358	2.89332	0.956739	-0.603325	2.07773
5377	2.90358	0.956614	-0.603389	2.07785
5396	2.91384	0.956534	-0.603431	2.078
5415	2.9241	0.956498	-0.603451	2.07817
5434	2.93436	0.956505	-0.603451	2.07836
5453	2.94462	0.956551	-0.60343	2.07856
5472	2.95488	0.956636	-0.60339	2.07879
5491	2.96514	0.956757	-0.603332	2.07903
5510	2.9754	0.956799	-0.603326	2.07916
5529	2.98566	0.956831	-0.603327	2.07924
5548	2.99592	0.956894	-0.603311	2.07933
5567	3.00618	0.956993	-0.603275	2.07945
5586	3.01644	0.957116	-0.603226	2.07957
5605	3.0267	0.957264	-0.603164	2.07969
5624	3.03696	0.95744	-0.603087	2.07983
5643	3.04722	0.957639	-0.602997	2.07998
5662	3.05748	0.957862	-0.602895	2.08013
5681	3.06774	0.9581	-0.602784	2.08029
5700	3.078	0.958367	-0.602659	2.08046
5719	3.08826	0.958646	-0.602526	2.08064
5738	3.09852	0.958952	-0.60238	2.08083
5757	3.10878	0.95927	-0.602228	2.08101
5776	3.11904	0.95961	-0.602064	2.08122
5795	3.1293	0.959964	-0.601893	2.08142
5814	3.13956	0.960333	-0.601714	2.08163
5833	3.14982	0.960723	-0.601524	2.08185
5852	3.16008	0.961123	-0.601329	2.08208
5871	3.17034	0.961538	-0.601126	2.0823
5890	3.1806	0.961969	-0.600916	2.08254
5909	3.19086	0.962412	-0.600699	2.08278
5928	3.20112	0.962868	-0.600475	2.08303
5947	3.21138	0.963336	-0.600245	2.08328
5966	3.22164	0.963817	-0.600008	2.08354
5985	3.2319	0.964311	-0.599765	2.0838
6004	3.24216	0.964811	-0.599519	2.08406
6023	3.25242	0.965327	-0.599264	2.08434
6042	3.26268	0.965854	-0.599003	2.08461
6061	3.27294	0.966391	-0.598738	2.0849
6080	3.2832	0.966934	-0.59847	2.08518
6099	3.29346	0.967492	-0.598193	2.08547
6118	3.30372	0.968058	-0.597912	2.08576
6137	3.31398	0.96863	-0.597629	2.08606
6156	3.32424	0.969216	-0.597339	2.08636
6175	3.3345	0.969806	-0.597046	2.08666
6194	3.34476	0.97041	-0.596746	2.08697
6213	3.35502	0.971021	-0.596443	2.08729
6232	3.36528	0.971636	-0.596137	2.0876
6251	3.37554	0.972264	-0.595825	2.08792
6270	3.3858	0.972895	-0.595511	2.08824
6289	3.39606	0.973532	-0.595194	2.08857
6308	3.40632	0.974184	-0.594869	2.0889
6327	3.41658	0.974836	-0.594545	2.08923
6346	3.42684	0.9755	-0.594214	2.08957
6365	3.4371	0.976168	-0.593881	2.08991
6384	3.44736	0.976846	-0.593543	2.09025
6403	3.45762	0.977526	-0.593204	2.09059
6422	3.46788	0.978211	-0.592862	2.09094
6441	3.47814	0.978908	-0.592514	2.09129
6460	3.4884	0.979609	-0.592164	2.09164
6479	3.49866	0.980319	-0.591809	2.092
6498	3.50892	0.981031	-0.591454	2.09236
6517	3.51918	0.981747	-0.591096	2.09272
6536	3.52944	0.982473	-0.590732	2.09309
6555	3.5397	0.983202	-0.590368	2.09345
6574	3.54996	0.983934	-0.590002	2.09382
6593	3.56022	0.984678	-0.589629	2.09419
6612	3.57048	0.985422	-0.589256	2.09457
6631	3.58074	0.986171	-0.588881	2.09494
6650	3.591	0.986931	-0.588501	2.09532
6669	3.60126	0.987691	-0.58812	2.0957
6688	3.61152	0.988455	-0.587737	2.09608
6707	3.62178	0.989225	-0.587351	2.09647
6726	3.63204	0.990005	-0.586959	2.09686
6745	3.6423	0.990785	-0.586568	2.09725
6764	3.65256	0.991568	-0.586174	2.09764
6783	3.66282	0.992362	-0.585776	2.09804
6802	3.67308	0.993156	-0.585377	2.09843
6821	3.68334	0.993953	-0.584976	2.09883
6840	3.6936	0.994761	-0.58457	2.09923
6859	3.70386	0.995569	-0.584164	2.09964
6878	3.71412	0.996381	-0.583755	2.10004
6897	3.72438	0.997196	-0.583345	2.10044
6916	3.73464	0.998022	-0.582929	2.10086
6935	3.7449	0.998847	-0.582513	2.10127
6954	3.75516	0.999676	-0.582096	2.10168
6973	3.76542	1.00051	-0.581673	2.1021
6992	3.77568	1.00135	-0.581251	2.10251
7011	3.78594	1.0022	-0.580825	2.10293
7030	3.7962	1.00304	-0.580398	2.10335
7049	3.80646	1.0039	-0.579966	2.10377
7068	3.81672	1.00475	-0.579535	2.1042
7087	3.82698	1.00561	-0.579101	2.10462
7106	3.83724	1.00648	-0.578662	2.10506
7125	3.8475	0	0	0
7144	3.85776	0	0	0
7163	3.86802	0	0	0
7182	3.87828	0	0	0
7201	3.88854	0	0	0
7220	3.8988	0	0	0
7239	3.90906	0	0	0
7258	3.91932	0	0	0
7277	3.92958	0	0	0
