TimeSlice	Time	LH_Knee	LH_HipZ	LH_AnkleZ
0	0	0	0	0
19	0.01026	-0.165417	-0.0197292	-0.165307
38	0.02052	-0.288377	0.00550382	-0.333831
57	0.03078	-0.351822	0.0695534	-0.481651
76	0.04104	-0.368941	0.158715	-0.607106
95	0.0513	-0.351436	0.261528	-0.708661
114	0.06156	-0.307066	0.370525	-0.785737
133	0.07182	-0.241793	0.481062	-0.839183
152	0.08208	-0.160237	0.590599	-0.871242
171	0.09234	-0.0668262	0.697629	-0.886948
190	0.1026	0.0370424	0.802588	-0.888949
209	0.11286	0.151296	0.90657	-0.878529
228	0.12312	0.277038	1.01122	-0.85614
247	0.13338	0.417088	1.119	-0.821259
266	0.14364	0.577547	1.2341	-0.771746
285	0.1539	0.773172	1.36549	-0.701537
304	0.16416	1.06329	1.54739	-0.585235
323	0.17442	1.11809	1.59179	-0.564088
342	0.18468	1.42256	1.774	-0.426786
361	0.19494	1.34944	1.73483	-0.439001
380	0.2052	1.32283	1.71336	-0.415496
399	0.21546	1.26653	1.67115	-0.39458
418	0.22572	1.21873	1.63036	-0.359375
437	0.23598	1.18615	1.59398	-0.305633
456	0.24624	1.17589	1.56516	-0.229141
475	0.2565	1.20431	1.55232	-0.122045
494	0.26676	1.36112	1.60584	0.0548987
513	0.27702	1.34658	1.55179	0.173792
532	0.28728	1.34659	1.4958	0.313878
551	0.29754	1.0066	1.24729	0.286592
570	0.3078	0.784454	1.09795	0.213682
589	0.31806	0.63278	0.988165	0.171771
608	0.32832	0.512106	0.895496	0.143756
627	0.33858	0.410421	0.813141	0.12442
646	0.34884	0.322112	0.737947	0.111303
665	0.3591	0.277459	0.710719	0.0793162
684	0.36936	0.260147	0.699176	0.0653673
703	0.37962	0.266912	0.701547	0.0687005
722	0.38988	0.286522	0.71273	0.0811573
741	0.40014	0.31041	0.728098	0.0964983
760	0.4104	0.332712	0.743787	0.110158
779	0.42066	0.352542	0.759145	0.116428
798	0.43092	0.371657	0.77416	0.120572
817	0.44118	0.390111	0.788635	0.124559
836	0.45144	0.407965	0.802605	0.128445
855	0.4617	0.425265	0.816101	0.132246
874	0.47196	0.442381	0.829259	0.136193
893	0.48222	0.459773	0.842255	0.140541
912	0.49248	0.476556	0.854813	0.144711
931	0.50274	0.492781	0.866958	0.148735
950	0.513	0.508493	0.878715	0.152635
969	0.52326	0.523725	0.890099	0.156427
988	0.53352	0.538509	0.901131	0.160124
1007	0.54378	0.552877	0.911829	0.163739
1026	0.55404	0.566855	0.92221	0.167281
1045	0.5643	0.580466	0.93229	0.170757
1064	0.57456	0.593729	0.942083	0.174174
1083	0.58482	0.606663	0.9516	0.177535
1102	0.59508	0.619281	0.960854	0.180846
1121	0.60534	0.631598	0.969855	0.184107
1140	0.6156	0.643625	0.978613	0.187322
1159	0.62586	0.65537	0.987136	0.190489
1178	0.63612	0.666844	0.995432	0.193611
1197	0.64638	0.678057	1.00351	0.196688
1216	0.65664	0.689016	1.01138	0.199724
1235	0.6669	0.699729	1.01904	0.202717
1254	0.67716	0.710202	1.0265	0.205668
1273	0.68742	0.720442	1.03377	0.208579
1292	0.69768	0.730452	1.04085	0.211449
1311	0.70794	0.74024	1.04776	0.214277
1330	0.7182	0.749808	1.05448	0.217064
1349	0.72846	0.759161	1.06103	0.219809
1368	0.73872	0.768302	1.06741	0.222513
1387	0.74898	0.777236	1.07362	0.225174
1406	0.75924	0.785965	1.07968	0.227793
1425	0.7695	0.794492	1.08557	0.230368
1444	0.77976	0.802821	1.09131	0.2329
1463	0.79002	0.810953	1.0969	0.235387
1482	0.80028	0.818892	1.10234	0.237831
1501	0.81054	0.826639	1.10763	0.240229
1520	0.8208	0.834197	1.11278	0.242582
1539	0.83106	0.841568	1.11779	0.244889
1558	0.84132	0.848754	1.12266	0.24715
1577	0.85158	0.855758	1.1274	0.249364
1596	0.86184	0.862579	1.132	0.251531
1615	0.8721	0.869222	1.13647	0.253651
1634	0.88236	0.875686	1.1408	0.255723
1653	0.89262	0.881975	1.14502	0.257747
1672	0.90288	0.888089	1.1491	0.259722
1691	0.91314	0.894031	1.15306	0.261649
1710	0.9234	0.899801	1.1569	0.263527
1729	0.93366	0.905401	1.16062	0.265356
1748	0.94392	0.910833	1.16422	0.267136
1767	0.95418	0.916098	1.1677	0.268866
1786	0.96444	0.921197	1.17107	0.270547
1805	0.9747	0.926133	1.17433	0.272177
1824	0.98496	0.930906	1.17747	0.273758
1843	0.99522	0.935518	1.1805	0.275289
1862	1.00548	0.939971	1.18342	0.27677
1881	1.01574	0.944265	1.18623	0.278201
1900	1.026	0.948403	1.18894	0.279582
1919	1.03626	0.952386	1.19154	0.280913
1938	1.04652	0.956215	1.19404	0.282195
1957	1.05678	0.959892	1.19643	0.283427
1976	1.06704	0.963419	1.19873	0.28461
1995	1.0773	0.966797	1.20092	0.285743
2014	1.08756	0.970028	1.20302	0.286827
2033	1.09782	0.973113	1.20502	0.287863
2052	1.10808	0.976055	1.20692	0.28885
2071	1.11834	0.978855	1.20874	0.289789
2090	1.1286	0.981516	1.21046	0.290681
2109	1.13886	1.19133	1.33976	0.371125
2128	1.14912	1.21821	1.36573	0.366385
2147	1.15938	1.22848	1.37329	0.366039
2166	1.16964	1.21626	1.36401	0.36523
2185	1.1799	1.20685	1.35683	0.365164
2204	1.19016	1.20309	1.35364	0.365227
2223	1.20042	1.20081	1.35162	0.365252
2242	1.21068	1.19902	1.35005	0.365257
2261	1.22094	1.19762	1.34882	0.365261
2280	1.2312	1.1965	1.34784	0.365264
2299	1.24146	1.19559	1.34706	0.365266
2318	1.25172	1.19362	1.34534	0.365308
2337	1.26198	1.19129	1.34335	0.365249
2356	1.27224	1.18963	1.3419	0.365261
2375	1.2825	1.18822	1.34069	0.365264
2394	1.29276	1.18701	1.33967	0.365266
2413	1.30302	1.18598	1.33882	0.365267
2432	1.31328	1.18508	1.33808	0.365269
2451	1.32354	1.18428	1.33745	0.36527
2470	1.3338	1.18357	1.3369	0.365271
2489	1.34406	1.18292	1.3364	0.365271
2508	1.35432	1.18232	1.33596	0.365272
2527	1.36458	1.18176	1.33556	0.365273
2546	1.37484	1.18124	1.33519	0.365273
2565	1.3851	1.18073	1.33484	0.365273
2584	1.39536	1.18037	1.33459	0.365261
2603	1.40562	1.18038	1.33459	0.365272
2622	1.41588	1.18036	1.33457	0.365274
2641	1.42614	1.18035	1.33456	0.365274
2660	1.4364	1.18035	1.33455	0.365274
2679	1.44666	1.18034	1.33454	0.365274
2698	1.45692	1.18034	1.33454	0.365274
2717	1.46718	1.18033	1.33453	0.365273
2736	1.47744	1.18033	1.33453	0.365273
2755	1.4877	1.18034	1.33453	0.365273
2774	1.49796	1.18034	1.33453	0.365273
2793	1.50822	1.18034	1.33453	0.365272
2812	1.51848	1.18034	1.33453	0.365272
2831	1.52874	1.18034	1.33453	0.365272
2850	1.539	1.18034	1.33453	0.365274
2869	1.54926	1.18034	1.33453	0.365274
2888	1.55952	1.18034	1.33453	0.365274
2907	1.56978	1.18034	1.33453	0.365273
2926	1.58004	1.18034	1.33453	0.365273
2945	1.5903	1.18034	1.33453	0.365272
2964	1.60056	1.18035	1.33454	0.365272
2983	1.61082	1.18035	1.33454	0.365272
3002	1.62108	1.18035	1.33453	0.365274
3021	1.63134	1.18035	1.33453	0.365274
3040	1.6416	1.18035	1.33453	0.365274
3059	1.65186	1.18035	1.33453	0.365273
3078	1.66212	1.18035	1.33454	0.365273
3097	1.67238	1.18035	1.33454	0.365272
3116	1.68264	1.18036	1.33454	0.365272
3135	1.6929	1.18036	1.33454	0.365272
3154	1.70316	1.18035	1.33454	0.365274
3173	1.71342	1.18035	1.33454	0.365274
3192	1.72368	1.18036	1.33454	0.365274
3211	1.73394	1.18036	1.33454	0.365273
3230	1.7442	1.18036	1.33454	0.365272
3249	1.75446	1.18028	1.3345	0.365235
3268	1.76472	1.17988	1.33427	0.365047
3287	1.77498	1.17929	1.33394	0.364795
3306	1.78524	1.17853	1.33349	0.364475
3325	1.7955	1.17759	1.33293	0.36409
3344	1.80576	1.17649	1.33228	0.363643
3363	1.81602	1.17524	1.33153	0.363138
3382	1.82628	1.17385	1.33069	0.362578
3401	1.83654	1.17232	1.32977	0.361967
3420	1.8468	1.17067	1.32878	0.361308
3439	1.85706	1.1689	1.32771	0.360605
3458	1.86732	1.16703	1.32658	0.35986
3477	1.87758	1.16505	1.32538	0.359078
3496	1.88784	1.16298	1.32412	0.358261
3515	1.8981	1.16083	1.32282	0.357418
3534	1.90836	1.1586	1.32146	0.356541
3553	1.91862	1.1563	1.32006	0.355639
3572	1.92888	1.15394	1.31863	0.354714
3591	1.93914	1.15152	1.31716	0.353768
3610	1.9494	1.14906	1.31565	0.352805
3629	1.95966	1.14655	1.31412	0.351827
3648	1.96992	1.14401	1.31257	0.350835
3667	1.98018	1.14143	1.31099	0.349838
3686	1.99044	1.13882	1.3094	0.348826
3705	2.0007	1.13619	1.30778	0.347807
3724	2.01096	1.13354	1.30616	0.346781
3743	2.02122	1.13088	1.30453	0.345752
3762	2.03148	1.1282	1.30288	0.344718
3781	2.04174	1.12552	1.30123	0.343683
3800	2.052	1.12283	1.29957	0.342653
3819	2.06226	1.12013	1.29791	0.341619
3838	2.07252	1.11744	1.29625	0.340585
3857	2.08278	1.11474	1.29459	0.339553
3876	2.09304	1.11205	1.29293	0.338524
3895	2.1033	1.10937	1.29127	0.337505
3914	2.11356	1.10669	1.28961	0.336483
3933	2.12382	1.10403	1.28796	0.335468
3952	2.13408	1.10137	1.28631	0.334458
3971	2.14434	1.09872	1.28467	0.333452
3990	2.1546	1.09609	1.28303	0.33246
4009	2.16486	1.09347	1.2814	0.331467
4028	2.17512	1.09086	1.27978	0.330483
4047	2.18538	1.08827	1.27817	0.329505
4066	2.19564	1.0857	1.27656	0.328535
4085	2.2059	1.08314	1.27497	0.327578
4104	2.21616	1.0806	1.27338	0.326622
4123	2.22642	1.07808	1.2718	0.325677
4142	2.23668	1.07557	1.27024	0.324738
4161	2.24694	1.07309	1.26868	0.323807
4180	2.2572	1.07062	1.26714	0.322891
4199	2.26746	1.06817	1.2656	0.321979
4218	2.27772	1.06575	1.26408	0.321074
4237	2.28798	1.06334	1.26257	0.320177
4256	2.29824	1.06095	1.26106	0.319294
4275	2.3085	1.05858	1.25957	0.318415
4294	2.31876	1.05623	1.25809	0.317545
4313	2.32902	1.0539	1.25663	0.316683
4332	2.33928	1.05159	1.25517	0.315829
4351	2.34954	1.0493	1.25373	0.314989
4370	2.3598	1.04704	1.25229	0.314153
4389	2.37006	1.04479	1.25087	0.313325
4408	2.38032	1.04256	1.24946	0.312505
4427	2.39058	1.04035	1.24806	0.311699
4446	2.40084	1.03816	1.24668	0.310896
4465	2.4111	1.03599	1.2453	0.310101
4484	2.42136	1.03384	1.24394	0.309314
4503	2.43162	1.03171	1.24258	0.30854
4522	2.44188	1.02959	1.24124	0.30777
4541	2.45214	1.0275	1.23991	0.307007
4560	2.4624	1.02543	1.23859	0.306251
4579	2.47266	1.02337	1.23728	0.305509
4598	2.48292	1.02133	1.23598	0.30477
4617	2.49318	1.01931	1.23469	0.304037
4636	2.50344	1.01731	1.23342	0.303311
4655	2.5137	1.01533	1.23215	0.302599
4674	2.52396	1.01336	1.23089	0.301889
4693	2.53422	1.01142	1.22965	0.301186
4712	2.54448	1.00949	1.22842	0.300489
4731	2.55474	1.00757	1.22719	0.299805
4750	2.565	1.00567	1.22597	0.299124
4769	2.57526	1.00379	1.22477	0.298448
4788	2.58552	1.00193	1.22357	0.297778
4807	2.59578	1.00008	1.22239	0.297121
4826	2.60604	0.998253	1.22121	0.296466
4845	2.6163	0.996438	1.22005	0.295817
4864	2.62656	0.994639	1.21889	0.295173
4883	2.63682	0.992855	1.21774	0.294541
4902	2.64708	0.991086	1.2166	0.293912
4921	2.65734	0.989332	1.21547	0.293287
4940	2.6676	0.987594	1.21435	0.292667
4959	2.67786	0.98587	1.21324	0.29206
4978	2.68812	0.98416	1.21214	0.291454
4997	2.69838	0.982465	1.21104	0.290852
5016	2.70864	0.980783	1.20995	0.290262
5035	2.7189	0.979115	1.20888	0.289672
5054	2.72916	0.977462	1.20781	0.289087
5073	2.73942	0.975822	1.20674	0.288507
5092	2.74968	0.974195	1.20569	0.287938
5111	2.75994	0.972581	1.20464	0.28737
5130	2.7702	0.97098	1.20361	0.286806
5149	2.78046	0.969393	1.20258	0.286247
5168	2.79072	0.967817	1.20155	0.285699
5187	2.80098	0.966254	1.20054	0.28515
5206	2.81124	0.964703	1.19953	0.284606
5225	2.8215	0.963165	1.19853	0.284066
5244	2.83176	0.961637	1.19754	0.283537
5263	2.84202	0.960122	1.19655	0.283008
5282	2.85228	0.958618	1.19557	0.282482
5301	2.86254	0.957126	1.1946	0.281966
5320	2.8728	0.955644	1.19363	0.281451
5339	2.88306	0.954174	1.19267	0.280938
5358	2.89332	0.952716	1.19172	0.280429
5377	2.90358	0.951267	1.19078	0.279931
5396	2.91384	0.949829	1.18984	0.279432
5415	2.9241	0.948402	1.1889	0.278936
5434	2.93436	0.946984	1.18798	0.27845
5453	2.94462	0.945577	1.18706	0.277964
5472	2.95488	0.94418	1.18614	0.27748
5491	2.96514	0.942794	1.18523	0.276999
5510	2.9754	0.941416	1.18433	0.276529
5529	2.98566	0.940048	1.18343	0.276057
5548	2.99592	0.93869	1.18254	0.275588
5567	3.00618	0.93734	1.18166	0.275129
5586	3.01644	0.936	1.18078	0.274668
5605	3.0267	0.934669	1.1799	0.27421
5624	3.03696	0.933348	1.17904	0.273755
5643	3.04722	0.932035	1.17817	0.273309
5662	3.05748	0.93073	1.17731	0.272862
5681	3.06774	0.929434	1.17646	0.272417
5700	3.078	0.928147	1.17561	0.271982
5719	3.08826	0.926867	1.17477	0.271545
5738	3.09852	0.925597	1.17393	0.27111
5757	3.10878	0.924334	1.1731	0.270677
5776	3.11904	0.923079	1.17227	0.270254
5795	3.1293	0.921832	1.17145	0.26983
5814	3.13956	0.920593	1.17063	0.269407
5833	3.14982	0.919361	1.16982	0.268993
5852	3.16008	0.918137	1.16901	0.268577
5871	3.17034	0.916921	1.16821	0.268163
5890	3.1806	0.915713	1.16741	0.267752
5909	3.19086	0.91451	1.16661	0.267349
5928	3.20112	0.913316	1.16582	0.266945
5947	3.21138	0.912128	1.16504	0.266542
5966	3.22164	0.910947	1.16425	0.266147
5985	3.2319	0.909773	1.16348	0.265751
6004	3.24216	0.908607	1.1627	0.265356
6023	3.25242	0.907447	1.16193	0.264963
6042	3.26268	0.906292	1.16117	0.264581
6061	3.27294	0.905146	1.16041	0.264193
6080	3.2832	0.904006	1.15965	0.263808
6099	3.29346	0.902871	1.1589	0.263432
6118	3.30372	0.901743	1.15815	0.263053
6137	3.31398	0.900622	1.1574	0.262675
6156	3.32424	0.899506	1.15666	0.262306
6175	3.3345	0.898396	1.15592	0.261934
6194	3.34476	0.897292	1.15518	0.261563
6213	3.35502	0.896195	1.15445	0.261194
6232	3.36528	0.895102	1.15373	0.260836
6251	3.37554	0.894017	1.153	0.260472
6270	3.3858	0.892937	1.15228	0.260109
6289	3.39606	0.891862	1.15157	0.259755
6308	3.40632	0.890792	1.15085	0.259399
6327	3.41658	0.889729	1.15014	0.259043
6346	3.42684	0.88867	1.14943	0.258696
6365	3.4371	0.887617	1.14873	0.258346
6384	3.44736	0.886569	1.14803	0.257996
6403	3.45762	0.885526	1.14733	0.257655
6422	3.46788	0.884489	1.14664	0.257311
6441	3.47814	0.883457	1.14595	0.256967
6460	3.4884	0.88243	1.14526	0.256625
6479	3.49866	0.881407	1.14458	0.256291
6498	3.50892	0.88039	1.1439	0.255955
6517	3.51918	0.879378	1.14322	0.255619
6536	3.52944	0.87837	1.14254	0.255291
6555	3.5397	0.877367	1.14187	0.254959
6574	3.54996	0.876369	1.1412	0.254629
6593	3.56022	0.875375	1.14053	0.254306
6612	3.57048	0.874386	1.13987	0.25398
6631	3.58074	0.873401	1.13921	0.253655
6650	3.591	0.872421	1.13855	0.253337
6669	3.60126	0.871445	1.13789	0.253017
6688	3.61152	0.870474	1.13724	0.252696
6707	3.62178	0.869507	1.13659	0.252384
6726	3.63204	0.868545	1.13594	0.252068
6745	3.6423	0.867587	1.1353	0.251753
6764	3.65256	0.866633	1.13466	0.251438
6783	3.66282	0.865682	1.13402	0.251134
6802	3.67308	0.864737	1.13338	0.250823
6821	3.68334	0.863795	1.13275	0.250514
6840	3.6936	0.862857	1.13211	0.250212
6859	3.70386	0.861924	1.13148	0.249907
6878	3.71412	0.860994	1.13086	0.249603
6897	3.72438	0.860068	1.13023	0.249305
6916	3.73464	0.859146	1.12961	0.249005
6935	3.7449	0.858228	1.12899	0.248705
6954	3.75516	0.857313	1.12837	0.248412
6973	3.76542	0.856402	1.12776	0.248116
6992	3.77568	0.855495	1.12714	0.24782
7011	3.78594	0.854592	1.12653	0.247531
7030	3.7962	0.853692	1.12592	0.247239
7049	3.80646	0.852796	1.12532	0.246948
7068	3.81672	0.851903	1.12471	0.246663
7087	3.82698	0.851014	1.12411	0.246375
7106	3.83724	0.850128	1.12351	0.246087
7125	3.8475	0	0	0
7144	3.85776	0	0	0
7163	3.86802	0	0	0
7182	3.87828	0	0	0
7201	3.88854	0	0	0
7220	3.8988	0	0	0
7239	3.90906	0	0	0
7258	3.91932	0	0	0
7277	3.92958	0	0	0
