TimeSlice	Time	LH_Knee	LH_HipZ	LH_AnkleZ
0	0	0	0	0
19	0.01026	-0.165417	-0.0197292	-0.165307
38	0.02052	-0.288377	0.00550378	-0.333831
57	0.03078	-0.351822	0.0695534	-0.481651
76	0.04104	-0.368941	0.158715	-0.607106
95	0.0513	-0.351436	0.261528	-0.708661
114	0.06156	-0.307066	0.370525	-0.785737
133	0.07182	-0.241793	0.481062	-0.839183
152	0.08208	-0.160237	0.590599	-0.871242
171	0.09234	-0.0668262	0.697629	-0.886948
190	0.1026	0.0370424	0.802588	-0.888949
209	0.11286	0.151296	0.90657	-0.878529
228	0.12312	0.277038	1.01122	-0.85614
247	0.13338	0.417087	1.119	-0.821259
266	0.14364	0.577546	1.2341	-0.771746
285	0.1539	0.773172	1.36549	-0.701537
304	0.16416	1.06329	1.54739	-0.585235
323	0.17442	1.11792	1.59169	-0.564161
342	0.18468	1.25965	1.68112	-0.496926
361	0.19494	1.40292	1.76614	-0.418164
380	0.2052	0.920959	1.49076	-0.598781
399	0.21546	1.15642	1.62212	-0.462911
418	0.22572	1.23239	1.65818	-0.384622
437	0.23598	1.34004	1.70604	-0.279046
456	0.24624	1.33563	1.68187	-0.206374
475	0.2565	1.33818	1.65571	-0.116609
494	0.26676	1.34049	1.62221	-0.0119995
513	0.27702	1.34156	1.57955	0.1079
532	0.28728	1.34201	1.52697	0.243262
551	0.29754	1.34269	1.46414	0.393492
570	0.3078	0.895088	1.179	0.24614
589	0.31806	0.711059	1.05033	0.190543
608	0.32832	0.573228	0.947337	0.155544
627	0.33858	0.459933	0.857709	0.131757
646	0.34884	0.362796	0.776708	0.115585
665	0.3591	0.286732	0.714341	0.0962944
684	0.36936	0.250275	0.692413	0.0678468
703	0.37962	0.240205	0.685157	0.0580407
722	0.38988	0.252464	0.69101	0.0645181
741	0.40014	0.276239	0.705126	0.0792732
760	0.4104	0.304087	0.723457	0.0967878
779	0.42066	0.329357	0.741896	0.111466
798	0.43092	0.352575	0.760302	0.116623
817	0.44118	0.375229	0.778139	0.121426
836	0.45144	0.397169	0.795338	0.126152
855	0.4617	0.418449	0.811943	0.130815
874	0.47196	0.439121	0.827992	0.135423
893	0.48222	0.459504	0.843615	0.140161
912	0.49248	0.480209	0.859042	0.145382
931	0.50274	0.500269	0.873973	0.150454
950	0.513	0.519733	0.888436	0.155399
969	0.52326	0.538648	0.902457	0.160238
988	0.53352	0.557059	0.916064	0.164987
1007	0.54378	0.575006	0.929282	0.16966
1026	0.55404	0.592522	0.942135	0.174268
1045	0.5643	0.609638	0.954644	0.178821
1064	0.57456	0.62638	0.966826	0.183326
1083	0.58482	0.642771	0.9787	0.187788
1102	0.59508	0.658831	0.990281	0.192213
1121	0.60534	0.674579	1.00158	0.196604
1140	0.6156	0.690031	1.01262	0.200965
1159	0.62586	0.705202	1.02341	0.205297
1178	0.63612	0.720104	1.03395	0.209603
1197	0.64638	0.734751	1.04426	0.213884
1216	0.65664	0.749153	1.05435	0.218141
1235	0.6669	0.76332	1.06423	0.222376
1254	0.67716	0.777262	1.07391	0.226588
1273	0.68742	0.790987	1.08339	0.230779
1292	0.69768	0.804502	1.09268	0.234949
1311	0.70794	0.817817	1.1018	0.239098
1330	0.7182	0.830934	1.11073	0.243225
1349	0.72846	0.843861	1.1195	0.247329
1368	0.73872	0.856604	1.12811	0.251412
1387	0.74898	0.869169	1.13656	0.255473
1406	0.75924	0.881562	1.14486	0.259514
1425	0.7695	0.893787	1.15301	0.263533
1444	0.77976	0.90585	1.16101	0.267532
1463	0.79002	0.917753	1.16889	0.27151
1482	0.80028	0.929502	1.17662	0.275467
1501	0.81054	0.941101	1.18423	0.279404
1520	0.8208	0.952551	1.19171	0.283319
1539	0.83106	0.963858	1.19907	0.287213
1558	0.84132	0.975022	1.20631	0.291086
1577	0.85158	0.986047	1.21343	0.294936
1596	0.86184	0.996935	1.22043	0.298764
1615	0.8721	1.00769	1.22732	0.30257
1634	0.88236	1.0183	1.23411	0.306352
1653	0.89262	1.02879	1.24078	0.31011
1672	0.90288	1.03914	1.24734	0.313843
1691	0.91314	1.04936	1.2538	0.31755
1710	0.9234	1.05944	1.26016	0.321229
1729	0.93366	1.06939	1.2664	0.32488
1748	0.94392	1.07921	1.27254	0.3285
1767	0.95418	1.08888	1.27858	0.332088
1786	0.96444	1.09841	1.2845	0.33564
1805	0.9747	1.10779	1.29031	0.339154
1824	0.98496	1.11701	1.29601	0.342627
1843	0.99522	1.12607	1.30159	0.346054
1862	1.00548	1.13496	1.30705	0.34943
1881	1.01574	1.14365	1.31238	0.35275
1900	1.026	1.15215	1.31757	0.356008
1919	1.03626	1.16043	1.32261	0.359194
1938	1.04652	1.16847	1.32749	0.3623
1957	1.05678	1.17625	1.3322	0.365315
1976	1.06704	1.18373	1.33673	0.368227
1995	1.0773	1.1909	1.34105	0.371023
2014	1.08756	1.19771	1.34514	0.373686
2033	1.09782	1.20412	1.34899	0.3762
2052	1.10808	1.21009	1.35257	0.378547
2071	1.11834	1.21559	1.35585	0.380707
2090	1.1286	1.22055	1.35882	0.38266
2109	1.13886	1.17524	1.33181	0.364197
2128	1.14912	1.17763	1.33306	0.365306
2147	1.15938	1.17761	1.33303	0.365275
2166	1.16964	1.17763	1.33302	0.365272
2185	1.1799	1.17767	1.33303	0.365272
2204	1.19016	1.17772	1.33304	0.365272
2223	1.20042	1.17778	1.33306	0.365272
2242	1.21068	1.17785	1.33309	0.365272
2261	1.22094	1.17792	1.33312	0.365272
2280	1.2312	1.17799	1.33316	0.365272
2299	1.24146	1.17807	1.3332	0.365272
2318	1.25172	1.17815	1.33324	0.365272
2337	1.26198	1.17823	1.33329	0.365272
2356	1.27224	1.17832	1.33333	0.365272
2375	1.2825	1.1784	1.33338	0.365272
2394	1.29276	1.17849	1.33343	0.365272
2413	1.30302	1.17858	1.33348	0.365272
2432	1.31328	1.17867	1.33354	0.365272
2451	1.32354	1.17876	1.33359	0.365272
2470	1.3338	1.17886	1.33364	0.365272
2489	1.34406	1.17895	1.3337	0.365272
2508	1.35432	1.17904	1.33376	0.365272
2527	1.36458	1.17913	1.33381	0.365272
2546	1.37484	1.17923	1.33387	0.365272
2565	1.3851	1.17932	1.33392	0.365272
2584	1.39536	1.17942	1.33398	0.365272
2603	1.40562	1.17951	1.33404	0.365272
2622	1.41588	1.17961	1.3341	0.365272
2641	1.42614	1.1797	1.33415	0.365272
2660	1.4364	1.1798	1.33421	0.365272
2679	1.44666	1.17989	1.33427	0.365272
2698	1.45692	1.17999	1.33433	0.365272
2717	1.46718	1.18008	1.33439	0.365272
2736	1.47744	1.18018	1.33444	0.365272
2755	1.4877	1.18027	1.3345	0.365272
2774	1.49796	1.18033	1.33453	0.365273
2793	1.50822	1.18033	1.33453	0.365272
2812	1.51848	1.18033	1.33453	0.365272
2831	1.52874	1.18032	1.33452	0.365274
2850	1.539	1.18032	1.33452	0.365274
2869	1.54926	1.18033	1.33453	0.365274
2888	1.55952	1.18032	1.33452	0.365274
2907	1.56978	1.18033	1.33453	0.365274
2926	1.58004	1.18033	1.33453	0.365273
2945	1.5903	1.18033	1.33453	0.365273
2964	1.60056	1.18034	1.33453	0.365273
2983	1.61082	1.18034	1.33453	0.365273
3002	1.62108	1.18034	1.33453	0.365272
3021	1.63134	1.18034	1.33453	0.365272
3040	1.6416	1.18034	1.33453	0.365274
3059	1.65186	1.18034	1.33453	0.365274
3078	1.66212	1.18034	1.33453	0.365274
3097	1.67238	1.18034	1.33453	0.365274
3116	1.68264	1.18035	1.33453	0.365273
3135	1.6929	1.18035	1.33454	0.365273
3154	1.70316	1.18035	1.33454	0.365272
3173	1.71342	1.18035	1.33454	0.365272
3192	1.72368	1.18035	1.33453	0.365274
3211	1.73394	1.18035	1.33454	0.365274
3230	1.7442	1.18035	1.33454	0.365274
3249	1.75446	1.18026	1.33449	0.365228
3268	1.76472	1.17984	1.33425	0.365038
3287	1.77498	1.17924	1.3339	0.364778
3306	1.78524	1.17845	1.33344	0.364451
3325	1.7955	1.1775	1.33288	0.364059
3344	1.80576	1.17639	1.33221	0.363604
3363	1.81602	1.17512	1.33146	0.363093
3382	1.82628	1.17371	1.33061	0.362528
3401	1.83654	1.17217	1.32968	0.361912
3420	1.8468	1.17051	1.32868	0.361249
3439	1.85706	1.16873	1.3276	0.360541
3458	1.86732	1.16684	1.32646	0.359792
3477	1.87758	1.16485	1.32526	0.359006
3496	1.88784	1.16278	1.324	0.358185
3515	1.8981	1.16061	1.32269	0.357334
3534	1.90836	1.15838	1.32133	0.356454
3553	1.91862	1.15607	1.31993	0.355548
3572	1.92888	1.15371	1.31849	0.354621
3591	1.93914	1.15129	1.31701	0.353673
3610	1.9494	1.14881	1.31551	0.352714
3629	1.95966	1.1463	1.31397	0.351733
3648	1.96992	1.14375	1.31241	0.350741
3667	1.98018	1.14117	1.31084	0.349737
3686	1.99044	1.13856	1.30924	0.348724
3705	2.0007	1.13593	1.30763	0.347704
3724	2.01096	1.13328	1.306	0.346677
3743	2.02122	1.13061	1.30436	0.345652
3762	2.03148	1.12794	1.30272	0.344619
3781	2.04174	1.12525	1.30106	0.343585
3800	2.052	1.12256	1.29941	0.342549
3819	2.06226	1.11986	1.29775	0.341513
3838	2.07252	1.11717	1.29609	0.340479
3857	2.08278	1.11447	1.29442	0.339453
3876	2.09304	1.11178	1.29276	0.338425
3895	2.1033	1.1091	1.2911	0.3374
3914	2.11356	1.10642	1.28944	0.336379
3933	2.12382	1.10376	1.28779	0.335363
3952	2.13408	1.1011	1.28614	0.334359
3971	2.14434	1.09845	1.2845	0.333354
3990	2.1546	1.09582	1.28287	0.332357
4009	2.16486	1.0932	1.28124	0.331365
4028	2.17512	1.0906	1.27962	0.33038
4047	2.18538	1.08801	1.278	0.329409
4066	2.19564	1.08543	1.2764	0.32844
4085	2.2059	1.08288	1.2748	0.327478
4104	2.21616	1.08034	1.27322	0.326524
4123	2.22642	1.07782	1.27164	0.325577
4142	2.23668	1.07532	1.27008	0.324645
4161	2.24694	1.07283	1.26852	0.323716
4180	2.2572	1.07037	1.26698	0.322795
4199	2.26746	1.06792	1.26544	0.321882
4218	2.27772	1.0655	1.26392	0.320983
4237	2.28798	1.06309	1.26241	0.320087
4256	2.29824	1.0607	1.26091	0.319201
4275	2.3085	1.05834	1.25942	0.318322
4294	2.31876	1.05599	1.25794	0.317452
4313	2.32902	1.05366	1.25648	0.316596
4332	2.33928	1.05135	1.25502	0.315744
4351	2.34954	1.04907	1.25358	0.3149
4370	2.3598	1.0468	1.25215	0.314063
4389	2.37006	1.04455	1.25072	0.313242
4408	2.38032	1.04232	1.24931	0.312423
4427	2.39058	1.04012	1.24792	0.311612
4446	2.40084	1.03793	1.24653	0.310809
4465	2.4111	1.03576	1.24516	0.310021
4484	2.42136	1.03361	1.24379	0.309235
4503	2.43162	1.03148	1.24244	0.308456
4522	2.44188	1.02937	1.2411	0.307686
4541	2.45214	1.02728	1.23977	0.306929
4560	2.4624	1.02521	1.23845	0.306175
4579	2.47266	1.02315	1.23714	0.305428
4598	2.48292	1.02112	1.23584	0.304688
4617	2.49318	1.0191	1.23456	0.303962
4636	2.50344	1.0171	1.23328	0.303239
4655	2.5137	1.01512	1.23202	0.302521
4674	2.52396	1.01315	1.23076	0.301811
4693	2.53422	1.01121	1.22952	0.301114
4712	2.54448	1.00928	1.22828	0.300419
4731	2.55474	1.00737	1.22706	0.29973
4750	2.565	1.00547	1.22584	0.299047
4769	2.57526	1.00359	1.22464	0.298378
4788	2.58552	1.00173	1.22345	0.297711
4807	2.59578	0.999885	1.22226	0.297049
4826	2.60604	0.998056	1.22109	0.296393
4845	2.6163	0.996242	1.21992	0.295749
4864	2.62656	0.994444	1.21876	0.295108
4883	2.63682	0.992661	1.21762	0.294471
4902	2.64708	0.990895	1.21648	0.29384
4921	2.65734	0.989142	1.21535	0.293222
4940	2.6676	0.987404	1.21423	0.292604
4959	2.67786	0.985682	1.21312	0.291992
4978	2.68812	0.983974	1.21202	0.291385
4997	2.69838	0.98228	1.21092	0.290789
5016	2.70864	0.9806	1.20984	0.290195
5035	2.7189	0.978934	1.20876	0.289605
5054	2.72916	0.977282	1.20769	0.28902
5073	2.73942	0.975643	1.20663	0.288446
5092	2.74968	0.974017	1.20558	0.287874
5111	2.75994	0.972404	1.20453	0.287305
5130	2.7702	0.970804	1.20349	0.286747
5149	2.78046	0.969217	1.20246	0.28619
5168	2.79072	0.967643	1.20144	0.285636
5187	2.80098	0.966082	1.20043	0.285087
5206	2.81124	0.964532	1.19942	0.284549
5225	2.8215	0.962994	1.19842	0.284011
5244	2.83176	0.961468	1.19743	0.283476
5263	2.84202	0.959954	1.19644	0.282946
5282	2.85228	0.958451	1.19546	0.282426
5301	2.86254	0.95696	1.19449	0.281907
5320	2.8728	0.95548	1.19353	0.28139
5339	2.88306	0.95401	1.19257	0.280884
5358	2.89332	0.952552	1.19162	0.280377
5377	2.90358	0.951105	1.19067	0.279873
5396	2.91384	0.949669	1.18973	0.279373
5415	2.9241	0.948242	1.1888	0.278884
5434	2.93436	0.946825	1.18787	0.278393
5453	2.94462	0.94542	1.18695	0.277906
5472	2.95488	0.944023	1.18604	0.277428
5491	2.96514	0.942637	1.18513	0.276949
5510	2.9754	0.941261	1.18423	0.276473
5529	2.98566	0.939894	1.18333	0.276001
5548	2.99592	0.938536	1.18244	0.275538
5567	3.00618	0.937188	1.18156	0.275074
5586	3.01644	0.935849	1.18068	0.274613
5605	3.0267	0.934519	1.17981	0.274161
5624	3.03696	0.933197	1.17894	0.273707
5643	3.04722	0.931885	1.17807	0.273256
5662	3.05748	0.930582	1.17722	0.272808
5681	3.06774	0.929287	1.17636	0.27237
5700	3.078	0.928	1.17552	0.27193
5719	3.08826	0.926722	1.17468	0.271492
5738	3.09852	0.925452	1.17384	0.271063
5757	3.10878	0.924189	1.17301	0.270633
5776	3.11904	0.922936	1.17218	0.270204
5795	3.1293	0.92169	1.17136	0.269778
5814	3.13956	0.920451	1.17054	0.269361
5833	3.14982	0.91922	1.16973	0.268943
5852	3.16008	0.917997	1.16892	0.268526
5871	3.17034	0.916781	1.16812	0.268119
5890	3.1806	0.915573	1.16732	0.267709
5909	3.19086	0.914372	1.16652	0.267301
5928	3.20112	0.913178	1.16573	0.266895
5947	3.21138	0.911991	1.16495	0.266498
5966	3.22164	0.910811	1.16416	0.266099
5985	3.2319	0.909638	1.16339	0.265702
6004	3.24216	0.908472	1.16261	0.265313
6023	3.25242	0.907312	1.16184	0.264922
6042	3.26268	0.906159	1.16108	0.264533
6061	3.27294	0.905012	1.16032	0.264151
6080	3.2832	0.903872	1.15956	0.263768
6099	3.29346	0.902739	1.15881	0.263386
6118	3.30372	0.901612	1.15806	0.263006
6137	3.31398	0.900491	1.15731	0.262634
6156	3.32424	0.899376	1.15657	0.26226
6175	3.3345	0.898267	1.15583	0.261887
6194	3.34476	0.897164	1.1551	0.261523
6213	3.35502	0.896066	1.15437	0.261156
6232	3.36528	0.894975	1.15364	0.26079
6251	3.37554	0.893889	1.15292	0.260432
6270	3.3858	0.892809	1.1522	0.260071
6289	3.39606	0.891735	1.15148	0.259712
6308	3.40632	0.890667	1.15077	0.259354
6327	3.41658	0.889603	1.15006	0.259005
6346	3.42684	0.888545	1.14935	0.258653
6365	3.4371	0.887493	1.14865	0.258301
6384	3.44736	0.886446	1.14795	0.257958
6403	3.45762	0.885403	1.14725	0.257612
6422	3.46788	0.884367	1.14656	0.257267
6441	3.47814	0.883335	1.14587	0.256929
6460	3.4884	0.882308	1.14518	0.256589
6479	3.49866	0.881286	1.1445	0.25625
6498	3.50892	0.880269	1.14382	0.255918
6517	3.51918	0.879257	1.14314	0.255584
6536	3.52944	0.87825	1.14246	0.25525
6555	3.5397	0.877248	1.14179	0.254917
6574	3.54996	0.87625	1.14112	0.254593
6593	3.56022	0.875256	1.14045	0.254266
6612	3.57048	0.874268	1.13979	0.253938
6631	3.58074	0.873284	1.13913	0.253619
6650	3.591	0.872304	1.13847	0.253297
6669	3.60126	0.871329	1.13782	0.252975
6688	3.61152	0.870358	1.13716	0.252661
6707	3.62178	0.869392	1.13651	0.252344
6726	3.63204	0.86843	1.13587	0.252027
6745	3.6423	0.867472	1.13522	0.251718
6764	3.65256	0.866518	1.13458	0.251405
6783	3.66282	0.865569	1.13394	0.251093
6802	3.67308	0.864623	1.1333	0.250789
6821	3.68334	0.863681	1.13267	0.250481
6840	3.6936	0.862744	1.13204	0.250174
6859	3.70386	0.861811	1.13141	0.249874
6878	3.71412	0.860881	1.13078	0.24957
6897	3.72438	0.859956	1.13016	0.249267
6916	3.73464	0.859035	1.12953	0.248966
6935	3.7449	0.858116	1.12891	0.248673
6954	3.75516	0.857202	1.1283	0.248375
6973	3.76542	0.856292	1.12768	0.248077
6992	3.77568	0.855385	1.12707	0.247787
7011	3.78594	0.854482	1.12646	0.247494
7030	3.7962	0.853583	1.12585	0.247201
7049	3.80646	0.852687	1.12524	0.246915
7068	3.81672	0.851794	1.12464	0.246626
7087	3.82698	0.850906	1.12404	0.246337
7106	3.83724	0.850021	1.12344	0.246055
7125	3.8475	0	0	0
7144	3.85776	0	0	0
7163	3.86802	0	0	0
7182	3.87828	0	0	0
7201	3.88854	0	0	0
7220	3.8988	0	0	0
7239	3.90906	0	0	0
7258	3.91932	0	0	0
7277	3.92958	0	0	0
