TimeSlice	Time	LH_Knee	LH_HipZ	LH_AnkleZ
0	0	0	0	0
19	0.01026	-0.165417	-0.0197293	-0.165307
38	0.02052	-0.288377	0.00550376	-0.333831
57	0.03078	-0.351822	0.0695533	-0.481651
76	0.04104	-0.368941	0.158715	-0.607106
95	0.0513	-0.351437	0.261528	-0.708661
114	0.06156	-0.307066	0.370525	-0.785737
133	0.07182	-0.241793	0.481062	-0.839183
152	0.08208	-0.160237	0.590599	-0.871242
171	0.09234	-0.0668263	0.697629	-0.886948
190	0.1026	0.0370423	0.802588	-0.888949
209	0.11286	0.151296	0.90657	-0.878529
228	0.12312	0.277038	1.01122	-0.85614
247	0.13338	0.417087	1.119	-0.821259
266	0.14364	0.577546	1.2341	-0.771746
285	0.1539	0.773172	1.36549	-0.701537
304	0.16416	1.06329	1.54739	-0.585235
323	0.17442	1.11741	1.5914	-0.56438
342	0.18468	1.60371	1.87767	-0.349543
361	0.19494	1.38101	1.75516	-0.430104
380	0.2052	1.08834	1.58792	-0.529942
399	0.21546	1.18656	1.63982	-0.451799
418	0.22572	1.36128	1.73141	-0.330178
437	0.23598	1.3364	1.7045	-0.282411
456	0.24624	1.3443	1.69017	-0.206841
475	0.2565	1.3443	1.66288	-0.119222
494	0.26676	1.3443	1.62826	-0.0166236
513	0.27702	1.34431	1.58528	0.101826
532	0.28728	1.34434	1.53283	0.236116
551	0.29754	1.34439	1.47006	0.385342
570	0.3078	0.772456	1.11079	0.186389
589	0.31806	0.625357	1.00224	0.147844
608	0.32832	0.506175	0.908958	0.121952
627	0.33858	0.404496	0.825027	0.104207
646	0.34884	0.315356	0.747653	0.0924436
665	0.3591	0.243243	0.685947	0.0775608
684	0.36936	0.209788	0.665892	0.0494555
703	0.37962	0.201493	0.659657	0.0395775
722	0.38988	0.214822	0.666033	0.045875
741	0.40014	0.238717	0.68007	0.0600188
760	0.4104	0.26695	0.698463	0.0773146
779	0.42066	0.295762	0.71865	0.0949759
798	0.43092	0.321014	0.737984	0.107611
817	0.44118	0.346058	0.757577	0.113056
836	0.45144	0.370212	0.776399	0.118375
855	0.4617	0.393545	0.794503	0.12359
874	0.47196	0.416124	0.811941	0.128717
893	0.48222	0.438006	0.828761	0.133765
912	0.49248	0.459948	0.845239	0.139191
931	0.50274	0.481647	0.86131	0.144762
950	0.513	0.502648	0.876845	0.150173
969	0.52326	0.523005	0.891872	0.155446
988	0.53352	0.54277	0.906425	0.160603
1007	0.54378	0.561991	0.920534	0.16566
1026	0.55404	0.580712	0.934228	0.170632
1045	0.5643	0.59897	0.947533	0.17553
1064	0.57456	0.616799	0.960472	0.180364
1083	0.58482	0.634227	0.973067	0.185143
1102	0.59508	0.651281	0.985337	0.189873
1121	0.60534	0.667985	0.9973	0.19456
1140	0.6156	0.68436	1.00897	0.199208
1159	0.62586	0.700423	1.02037	0.20382
1178	0.63612	0.716193	1.03151	0.208401
1197	0.64638	0.731686	1.04239	0.212953
1216	0.65664	0.746914	1.05304	0.217478
1235	0.6669	0.761892	1.06347	0.221978
1254	0.67716	0.776631	1.07368	0.226455
1273	0.68742	0.791143	1.08368	0.230909
1292	0.69768	0.805437	1.09349	0.235343
1311	0.70794	0.819524	1.10311	0.239758
1330	0.7182	0.833412	1.11255	0.244153
1349	0.72846	0.847111	1.12182	0.248531
1368	0.73872	0.860628	1.13092	0.252892
1387	0.74898	0.873969	1.13987	0.257234
1406	0.75924	0.88714	1.14866	0.261559
1425	0.7695	0.900151	1.15731	0.265868
1444	0.77976	0.913007	1.16582	0.270162
1463	0.79002	0.925714	1.17419	0.274442
1482	0.80028	0.93828	1.18243	0.278708
1501	0.81054	0.950709	1.19056	0.282962
1520	0.8208	0.963008	1.19856	0.287204
1539	0.83106	0.975181	1.20645	0.291434
1558	0.84132	0.987233	1.21422	0.295654
1577	0.85158	0.999169	1.2219	0.299864
1596	0.86184	1.01099	1.22947	0.304065
1615	0.8721	1.02271	1.23694	0.308256
1634	0.88236	1.03433	1.24432	0.312439
1653	0.89262	1.04584	1.2516	0.316614
1672	0.90288	1.05726	1.2588	0.320782
1691	0.91314	1.06858	1.26591	0.324941
1710	0.9234	1.07981	1.27294	0.329094
1729	0.93366	1.09096	1.27988	0.333238
1748	0.94392	1.10201	1.28675	0.337374
1767	0.95418	1.11297	1.29353	0.341502
1786	0.96444	1.12385	1.30023	0.345618
1805	0.9747	1.13462	1.30686	0.349723
1824	0.98496	1.1453	1.31339	0.353812
1843	0.99522	1.15587	1.31984	0.357882
1862	1.00548	1.16632	1.3262	0.361928
1881	1.01574	1.17664	1.33245	0.365941
1900	1.026	1.18679	1.33858	0.369913
1919	1.03626	1.19676	1.34458	0.373829
1938	1.04652	1.20649	1.35042	0.377672
1957	1.05678	1.21594	1.35607	0.381419
1976	1.06704	1.22503	1.36149	0.385039
1995	1.0773	1.23368	1.36663	0.388494
2014	1.08756	1.24177	1.37142	0.391735
2033	1.09782	1.24916	1.3758	0.394705
2052	1.10808	1.2557	1.37966	0.397336
2071	1.11834	1.26123	1.38292	0.399562
2090	1.1286	1.26562	1.3855	0.40132
2109	1.13886	1.1746	1.33191	0.363647
2128	1.14912	1.17799	1.33361	0.365319
2147	1.15938	1.17779	1.33341	0.365274
2166	1.16964	1.17768	1.33328	0.365272
2185	1.1799	1.17763	1.33318	0.365273
2204	1.19016	1.17759	1.33311	0.365273
2223	1.20042	1.17759	1.33307	0.365273
2242	1.21068	1.17759	1.33304	0.365272
2261	1.22094	1.17762	1.33302	0.365272
2280	1.2312	1.17765	1.33302	0.365272
2299	1.24146	1.1777	1.33303	0.365271
2318	1.25172	1.17776	1.33305	0.365272
2337	1.26198	1.17782	1.33307	0.365272
2356	1.27224	1.17789	1.3331	0.365272
2375	1.2825	1.17796	1.33314	0.365272
2394	1.29276	1.17804	1.33318	0.365272
2413	1.30302	1.17812	1.33322	0.365272
2432	1.31328	1.1782	1.33327	0.365272
2451	1.32354	1.17829	1.33331	0.365272
2470	1.3338	1.17837	1.33336	0.365272
2489	1.34406	1.17846	1.33341	0.365272
2508	1.35432	1.17855	1.33347	0.365272
2527	1.36458	1.17864	1.33352	0.365272
2546	1.37484	1.17874	1.33357	0.365272
2565	1.3851	1.17883	1.33363	0.365272
2584	1.39536	1.17892	1.33368	0.365272
2603	1.40562	1.17902	1.33374	0.365272
2622	1.41588	1.17911	1.3338	0.365272
2641	1.42614	1.17921	1.33385	0.365272
2660	1.4364	1.1793	1.33391	0.365272
2679	1.44666	1.17939	1.33397	0.365272
2698	1.45692	1.17949	1.33403	0.365272
2717	1.46718	1.17959	1.33408	0.365272
2736	1.47744	1.17968	1.33414	0.365272
2755	1.4877	1.17978	1.3342	0.365272
2774	1.49796	1.17987	1.33426	0.365272
2793	1.50822	1.17997	1.33432	0.365272
2812	1.51848	1.18006	1.33437	0.365272
2831	1.52874	1.18016	1.33443	0.365272
2850	1.539	1.18025	1.33449	0.365272
2869	1.54926	1.18031	1.33452	0.365274
2888	1.55952	1.18031	1.33452	0.365273
2907	1.56978	1.18031	1.33452	0.365273
2926	1.58004	1.18032	1.33452	0.365273
2945	1.5903	1.18032	1.33452	0.365273
2964	1.60056	1.18032	1.33452	0.365272
2983	1.61082	1.18032	1.33452	0.365272
3002	1.62108	1.18033	1.33453	0.365272
3021	1.63134	1.18033	1.33453	0.365272
3040	1.6416	1.18032	1.33452	0.365274
3059	1.65186	1.18033	1.33452	0.365274
3078	1.66212	1.18033	1.33453	0.365274
3097	1.67238	1.18033	1.33453	0.365274
3116	1.68264	1.18033	1.33453	0.365274
3135	1.6929	1.18034	1.33453	0.365273
3154	1.70316	1.18034	1.33453	0.365273
3173	1.71342	1.18034	1.33453	0.365273
3192	1.72368	1.18035	1.33453	0.365272
3211	1.73394	1.18035	1.33454	0.365272
3230	1.7442	1.18034	1.33453	0.365274
3249	1.75446	1.18027	1.33449	0.365237
3268	1.76472	1.17989	1.33428	0.365059
3287	1.77498	1.17931	1.33395	0.364813
3306	1.78524	1.17856	1.33351	0.364498
3325	1.7955	1.17764	1.33296	0.364111
3344	1.80576	1.17655	1.33231	0.363668
3363	1.81602	1.17531	1.33157	0.363167
3382	1.82628	1.17393	1.33074	0.36261
3401	1.83654	1.17241	1.32983	0.362002
3420	1.8468	1.17076	1.32884	0.361346
3439	1.85706	1.169	1.32777	0.360646
3458	1.86732	1.16713	1.32664	0.359909
3477	1.87758	1.16516	1.32545	0.359129
3496	1.88784	1.16309	1.32419	0.358313
3515	1.8981	1.16095	1.32289	0.357466
3534	1.90836	1.15872	1.32154	0.356591
3553	1.91862	1.15642	1.32014	0.35569
3572	1.92888	1.15407	1.31871	0.354765
3591	1.93914	1.15165	1.31724	0.353821
3610	1.9494	1.14919	1.31574	0.352858
3629	1.95966	1.14669	1.31421	0.35188
3648	1.96992	1.14414	1.31265	0.350889
3667	1.98018	1.14156	1.31108	0.349892
3686	1.99044	1.13896	1.30948	0.34888
3705	2.0007	1.13633	1.30787	0.347862
3724	2.01096	1.13368	1.30625	0.346836
3743	2.02122	1.13102	1.30461	0.345806
3762	2.03148	1.12834	1.30297	0.344773
3781	2.04174	1.12566	1.30132	0.343737
3800	2.052	1.12297	1.29966	0.342707
3819	2.06226	1.12027	1.298	0.341673
3838	2.07252	1.11758	1.29634	0.340638
3857	2.08278	1.11488	1.29467	0.339606
3876	2.09304	1.11219	1.29301	0.338577
3895	2.1033	1.10951	1.29135	0.337557
3914	2.11356	1.10683	1.28969	0.336535
3933	2.12382	1.10416	1.28804	0.33552
3952	2.13408	1.1015	1.28639	0.334508
3971	2.14434	1.09885	1.28475	0.333503
3990	2.1546	1.09622	1.28311	0.332509
4009	2.16486	1.0936	1.28148	0.331516
4028	2.17512	1.09099	1.27986	0.330532
4047	2.18538	1.0884	1.27825	0.329553
4066	2.19564	1.08582	1.27664	0.328582
4085	2.2059	1.08326	1.27504	0.327624
4104	2.21616	1.08072	1.27346	0.326669
4123	2.22642	1.0782	1.27188	0.325722
4142	2.23668	1.07569	1.27031	0.324783
4161	2.24694	1.07321	1.26876	0.323852
4180	2.2572	1.07074	1.26721	0.322935
4199	2.26746	1.06829	1.26567	0.322022
4218	2.27772	1.06586	1.26415	0.321116
4237	2.28798	1.06345	1.26264	0.320219
4256	2.29824	1.06106	1.26113	0.319336
4275	2.3085	1.05869	1.25964	0.318456
4294	2.31876	1.05634	1.25816	0.317585
4313	2.32902	1.05401	1.2567	0.316723
4332	2.33928	1.0517	1.25524	0.315868
4351	2.34954	1.04941	1.25379	0.315028
4370	2.3598	1.04714	1.25236	0.314192
4389	2.37006	1.04489	1.25094	0.313363
4408	2.38032	1.04266	1.24953	0.312542
4427	2.39058	1.04045	1.24813	0.311736
4446	2.40084	1.03826	1.24674	0.310933
4465	2.4111	1.03609	1.24536	0.310137
4484	2.42136	1.03393	1.244	0.309349
4503	2.43162	1.0318	1.24264	0.308575
4522	2.44188	1.02969	1.2413	0.307805
4541	2.45214	1.02759	1.23997	0.307041
4560	2.4624	1.02552	1.23865	0.306284
4579	2.47266	1.02346	1.23734	0.305542
4598	2.48292	1.02142	1.23604	0.304802
4617	2.49318	1.0194	1.23475	0.304069
4636	2.50344	1.0174	1.23347	0.303343
4655	2.5137	1.01541	1.23221	0.30263
4674	2.52396	1.01345	1.23095	0.30192
4693	2.53422	1.0115	1.2297	0.301216
4712	2.54448	1.00957	1.22847	0.300519
4731	2.55474	1.00765	1.22724	0.299835
4750	2.565	1.00576	1.22603	0.299153
4769	2.57526	1.00387	1.22482	0.298477
4788	2.58552	1.00201	1.22363	0.297807
4807	2.59578	1.00016	1.22244	0.29715
4826	2.60604	0.99833	1.22126	0.296494
4845	2.6163	0.996514	1.2201	0.295844
4864	2.62656	0.994715	1.21894	0.2952
4883	2.63682	0.992929	1.21779	0.294568
4902	2.64708	0.991159	1.21665	0.293938
4921	2.65734	0.989405	1.21552	0.293313
4940	2.6676	0.987666	1.2144	0.292693
4959	2.67786	0.985941	1.21329	0.292085
4978	2.68812	0.98423	1.21218	0.291479
4997	2.69838	0.982534	1.21109	0.290877
5016	2.70864	0.980853	1.21	0.29028
5035	2.7189	0.979184	1.20892	0.289695
5054	2.72916	0.97753	1.20785	0.289111
5073	2.73942	0.975889	1.20679	0.288531
5092	2.74968	0.974261	1.20573	0.287962
5111	2.75994	0.972646	1.20469	0.287394
5130	2.7702	0.971045	1.20365	0.286829
5149	2.78046	0.969457	1.20262	0.286269
5168	2.79072	0.96788	1.20159	0.285721
5187	2.80098	0.966316	1.20058	0.285173
5206	2.81124	0.964765	1.19957	0.284628
5225	2.8215	0.963226	1.19857	0.284088
5244	2.83176	0.961698	1.19758	0.283558
5263	2.84202	0.960182	1.19659	0.283029
5282	2.85228	0.958678	1.19561	0.282503
5301	2.86254	0.957184	1.19464	0.281987
5320	2.8728	0.955702	1.19367	0.281471
5339	2.88306	0.954232	1.19271	0.280958
5358	2.89332	0.952773	1.19176	0.28045
5377	2.90358	0.951324	1.19081	0.279951
5396	2.91384	0.949885	1.18987	0.279452
5415	2.9241	0.948457	1.18894	0.278956
5434	2.93436	0.947039	1.18801	0.27847
5453	2.94462	0.945631	1.18709	0.277983
5472	2.95488	0.944234	1.18618	0.277498
5491	2.96514	0.942847	1.18527	0.277018
5510	2.9754	0.941469	1.18437	0.276547
5529	2.98566	0.9401	1.18347	0.276075
5548	2.99592	0.938742	1.18258	0.275606
5567	3.00618	0.937393	1.18169	0.27514
5586	3.01644	0.936052	1.18081	0.274684
5605	3.0267	0.93472	1.17994	0.274227
5624	3.03696	0.933398	1.17907	0.273772
5643	3.04722	0.932084	1.17821	0.273326
5662	3.05748	0.930779	1.17735	0.272879
5681	3.06774	0.929483	1.17649	0.272434
5700	3.078	0.928196	1.17565	0.271992
5719	3.08826	0.926916	1.1748	0.27156
5738	3.09852	0.925644	1.17397	0.271126
5757	3.10878	0.924381	1.17313	0.270694
5776	3.11904	0.923126	1.17231	0.27027
5795	3.1293	0.921878	1.17148	0.269846
5814	3.13956	0.920639	1.17066	0.269423
5833	3.14982	0.919407	1.16985	0.269009
5852	3.16008	0.918182	1.16904	0.268593
5871	3.17034	0.916966	1.16824	0.268179
5890	3.1806	0.915757	1.16744	0.267767
5909	3.19086	0.914554	1.16664	0.267364
5928	3.20112	0.913359	1.16585	0.26696
5947	3.21138	0.912172	1.16507	0.266557
5966	3.22164	0.91099	1.16428	0.266162
5985	3.2319	0.909816	1.1635	0.265766
6004	3.24216	0.908649	1.16273	0.26537
6023	3.25242	0.907489	1.16196	0.264978
6042	3.26268	0.906335	1.1612	0.264593
6061	3.27294	0.905187	1.16043	0.264208
6080	3.2832	0.904046	1.15968	0.263822
6099	3.29346	0.902912	1.15892	0.263445
6118	3.30372	0.901783	1.15817	0.263066
6137	3.31398	0.900661	1.15743	0.262689
6156	3.32424	0.899545	1.15668	0.262319
6175	3.3345	0.898435	1.15595	0.261947
6194	3.34476	0.897332	1.15521	0.261576
6213	3.35502	0.896234	1.15448	0.261207
6232	3.36528	0.895142	1.15375	0.260847
6251	3.37554	0.894055	1.15303	0.260484
6270	3.3858	0.892975	1.15231	0.260122
6289	3.39606	0.891899	1.15159	0.259768
6308	3.40632	0.890829	1.15088	0.259412
6327	3.41658	0.889766	1.15017	0.259056
6346	3.42684	0.888707	1.14946	0.258708
6365	3.4371	0.887653	1.14876	0.258358
6384	3.44736	0.886605	1.14806	0.258009
6403	3.45762	0.885562	1.14736	0.257667
6422	3.46788	0.884525	1.14666	0.257323
6441	3.47814	0.883492	1.14597	0.256979
6460	3.4884	0.882465	1.14529	0.256637
6479	3.49866	0.881442	1.1446	0.256303
6498	3.50892	0.880425	1.14392	0.255966
6517	3.51918	0.879412	1.14324	0.255631
6536	3.52944	0.878404	1.14257	0.255302
6555	3.5397	0.877401	1.14189	0.254971
6574	3.54996	0.876402	1.14122	0.25464
6593	3.56022	0.875408	1.14056	0.254317
6612	3.57048	0.874419	1.13989	0.253992
6631	3.58074	0.873434	1.13923	0.253666
6650	3.591	0.872454	1.13857	0.253348
6669	3.60126	0.871478	1.13792	0.253028
6688	3.61152	0.870507	1.13726	0.252707
6707	3.62178	0.86954	1.13661	0.252388
6726	3.63204	0.868577	1.13597	0.252079
6745	3.6423	0.867619	1.13532	0.251763
6764	3.65256	0.866665	1.13468	0.251449
6783	3.66282	0.865714	1.13404	0.251143
6802	3.67308	0.864768	1.1334	0.250834
6821	3.68334	0.863826	1.13277	0.250524
6840	3.6936	0.862888	1.13213	0.250222
6859	3.70386	0.861954	1.1315	0.249917
6878	3.71412	0.861024	1.13088	0.249613
6897	3.72438	0.860098	1.13025	0.249316
6916	3.73464	0.859176	1.12963	0.249015
6935	3.7449	0.858257	1.12901	0.248715
6954	3.75516	0.857342	1.12839	0.248422
6973	3.76542	0.856431	1.12778	0.248126
6992	3.77568	0.855524	1.12716	0.24783
7011	3.78594	0.854621	1.12655	0.247541
7030	3.7962	0.853721	1.12594	0.247249
7049	3.80646	0.852825	1.12534	0.246957
7068	3.81672	0.851932	1.12473	0.246673
7087	3.82698	0.851042	1.12413	0.246385
7106	3.83724	0.850157	1.12353	0.246097
7125	3.8475	0	0	0
7144	3.85776	0	0	0
7163	3.86802	0	0	0
7182	3.87828	0	0	0
7201	3.88854	0	0	0
7220	3.8988	0	0	0
7239	3.90906	0	0	0
7258	3.91932	0	0	0
7277	3.92958	0	0	0
