TimeSlice	Time	LH_AnkleZ	LH_Knee	LH_HipZ
0	0	1.32598e-016	0	9.32414e-018
19	0.01026	0.00514158	0.0104233	0.00635302
38	0.02052	0.0067453	0.0120538	0.00930238
57	0.03078	0.00475572	0.0135239	0.00703432
76	0.04104	0.0031416	0.0122738	0.00485257
95	0.0513	0.0031416	0.0137104	0.0053541
114	0.06156	0.0031416	0.0158761	0.00519324
133	0.07182	0.00301161	0.0159006	0.00433259
152	0.08208	0.00301161	0.0176566	0.0043503
171	0.09234	0.00265808	0.0183853	0.0038342
190	0.1026	0.00249189	0.0191531	0.00323289
209	0.11286	0.00240251	0.0201682	0.00297724
228	0.12312	0.00222164	0.0211353	0.00256703
247	0.13338	0.00205485	0.0220739	0.00218321
266	0.14364	0.00185192	0.0230616	0.00185662
285	0.1539	0.00171634	0.0240426	0.00150645
304	0.16416	0.00157598	0.0250258	0.00117414
323	0.17442	0.00137348	0.0260191	0.000859238
342	0.18468	0.00125353	0.0270168	0.000545832
361	0.19494	0.00112728	0.0280188	0.000243709
380	0.2052	0.000936158	0.0290239	-4.68589e-005
399	0.21546	0.000816528	0.0300349	-0.000331509
418	0.22572	0.000704831	0.03105	-0.000607852
437	0.23598	0.00052951	0.0320667	-0.000874011
456	0.24624	0.000409584	0.0330886	-0.0011336
475	0.2565	0.00030499	0.0341142	-0.00138637
494	0.26676	0.000140193	0.0351407	-0.00162978
513	0.27702	2.31524e-005	0.0361718	-0.00186692
532	0.28728	-7.41685e-005	0.037206	-0.00209805
551	0.29754	-0.000225568	0.038241	-0.00232072
570	0.3078	-0.000344409	0.0392793	-0.00253723
589	0.31806	-0.000436032	0.0403209	-0.00274845
608	0.32832	-0.000582004	0.0413626	-0.0029518
627	0.33858	-0.000693763	0.0424072	-0.0031498
646	0.34884	-0.000781261	0.0434545	-0.00334282
665	0.3591	-0.00092091	0.0445016	-0.00352864
684	0.36936	-0.00103123	0.0455511	-0.00370943
703	0.37962	-0.00111549	0.0466028	-0.00388579
722	0.38988	-0.00124759	0.0476542	-0.00405558
741	0.40014	-0.00136032	0.0487073	-0.00422039
760	0.4104	-0.00144213	0.0497621	-0.00438165
779	0.42066	-0.00156577	0.0508168	-0.00453667
798	0.43092	-0.00168029	0.0518722	-0.00468704
817	0.44118	-0.00176029	0.0529295	-0.00483425
836	0.45144	-0.00187841	0.0539861	-0.00497587
855	0.4617	-0.00199518	0.055043	-0.00511298
874	0.47196	-0.00207241	0.0561019	-0.00524727
893	0.48222	-0.00218299	0.0571598	-0.00537666
912	0.49248	-0.00230488	0.0582172	-0.00550142
931	0.50274	-0.00238209	0.0592766	-0.00562389
950	0.513	-0.00248524	0.0603349	-0.00574211
969	0.52326	-0.0026132	0.061392	-0.0058556
988	0.53352	-0.00268911	0.0624511	-0.00596726
1007	0.54378	-0.00278553	0.063509	-0.00607523
1026	0.55404	-0.00291643	0.0645654	-0.00617837
1045	0.5643	-0.00299321	0.0656234	-0.00628009
1064	0.57456	-0.0030894	0.0666801	-0.0063784
1083	0.58482	-0.00321797	0.0677351	-0.00647232
1102	0.59508	-0.00329325	0.0687915	-0.00656505
1121	0.60534	-0.00339632	0.0698462	-0.00665437
1140	0.6156	-0.00352163	0.0708991	-0.00673991
1159	0.62586	-0.00359814	0.0719533	-0.00682421
1178	0.63612	-0.00370052	0.0730055	-0.00690549
1197	0.64638	-0.0038279	0.0740559	-0.00698308
1216	0.65664	-0.00390394	0.0751072	-0.00705994
1235	0.6669	-0.00400968	0.0761564	-0.00713365
1254	0.67716	-0.00413792	0.0772036	-0.00720412
1273	0.68742	-0.00421654	0.0782516	-0.00727395
1292	0.69768	-0.00431462	0.0792977	-0.00734116
1311	0.70794	-0.00445159	0.0803411	-0.00740475
1330	0.7182	-0.00453193	0.0813855	-0.0074681
1349	0.72846	-0.00462993	0.0824276	-0.00752916
1368	0.73872	-0.00476925	0.083467	-0.0075867
1387	0.74898	-0.00485726	0.0844975	-0.00764568
1406	0.75924	-0.00497261	0.0855087	-0.0077061
1425	0.7695	-0.00514841	0.0865002	-0.00776756
1444	0.77976	-0.0052593	0.0874775	-0.00783266
1463	0.79002	-0.00540203	0.0884379	-0.00789874
1482	0.80028	-0.00561086	0.0893808	-0.00796399
1501	0.81054	-0.00573743	0.0903116	-0.00803315
1520	0.8208	-0.00591621	0.091226	-0.00810235
1539	0.83106	-0.00614887	0.0921239	-0.00817062
1558	0.84132	-0.00629423	0.0930112	-0.00824281
1577	0.85158	-0.00649875	0.0938826	-0.00831449
1596	0.86184	-0.00676018	0.0947383	-0.00838482
1615	0.8721	-0.00692223	0.0955846	-0.00845929
1634	0.88236	-0.00715121	0.0964153	-0.00853279
1653	0.89262	-0.007435	0.0972313	-0.00860464
1672	0.90288	-0.00761433	0.0980387	-0.00868087
1691	0.91314	-0.00786683	0.0988312	-0.00875552
1710	0.9234	-0.00816886	0.0996097	-0.00882853
1729	0.93366	-0.00836404	0.100381	-0.00890583
1748	0.94392	-0.00863999	0.101137	-0.0089814
1767	0.95418	-0.00896673	0.101879	-0.00905491
1786	0.96444	-0.00917557	0.102615	-0.0091328
1805	0.9747	-0.00946708	0.103338	-0.00920881
1824	0.98496	-0.00981378	0.104047	-0.00928248
1843	0.99522	-0.0100347	0.10475	-0.00936072
1862	1.00548	-0.0103465	0.105439	-0.00943674
1881	1.01574	-0.0107109	0.106116	-0.00951023
1900	1.026	-0.010945	0.106789	-0.00958839
1919	1.03626	-0.0112676	0.107447	-0.00966442
1938	1.04652	-0.0116617	0.108094	-0.00973713
1957	1.05678	-0.0119029	0.108737	-0.00981497
1976	1.06704	-0.0122363	0.109367	-0.00989042
1995	1.0773	-0.0126488	0.109985	-0.00996243
2014	1.08756	-0.0129001	0.110599	-0.0100397
2033	1.09782	-0.013243	0.111202	-0.0101145
2052	1.10808	-0.0136764	0.111792	-0.0101856
2071	1.11834	-0.0139419	0.112372	-0.0102617
2090	1.1286	-0.014318	0.112918	-0.0103315
2109	1.13886	-0.0147957	0.113437	-0.0103994
2128	1.14912	-0.015093	0.113937	-0.0104743
2147	1.15938	-0.0155089	0.114413	-0.0105451
2166	1.16964	-0.01603	0.114863	-0.0106121
2185	1.1799	-0.0163528	0.115301	-0.0106857
2204	1.19016	-0.0167986	0.115716	-0.0107555
2223	1.20042	-0.0173581	0.116109	-0.0108206
2242	1.21068	-0.017701	0.116493	-0.0108924
2261	1.22094	-0.0181737	0.116855	-0.0109604
2280	1.2312	-0.0187681	0.117198	-0.0110233
2299	1.24146	-0.0191282	0.117534	-0.0110929
2318	1.25172	-0.0196154	0.117851	-0.0111589
2337	1.26198	-0.0202462	0.118149	-0.011219
2356	1.27224	-0.0206236	0.118443	-0.0112859
2375	1.2825	-0.0211163	0.118721	-0.0113499
2394	1.29276	-0.0217785	0.11898	-0.0114068
2413	1.30302	-0.0221743	0.119238	-0.0114707
2432	1.31328	-0.0226699	0.119481	-0.0115325
2451	1.32354	-0.0233595	0.119707	-0.011586
2470	1.3338	-0.0237727	0.119933	-0.011647
2489	1.34406	-0.0242666	0.120145	-0.0117063
2508	1.35432	-0.0249797	0.120342	-0.0117565
2527	1.36458	-0.0254025	0.12054	-0.0118147
2546	1.37484	-0.0259	0.120727	-0.0118709
2565	1.3851	-0.0266299	0.120898	-0.0119181
2584	1.39536	-0.0270643	0.121072	-0.0119731
2603	1.40562	-0.0275583	0.121235	-0.0120265
2622	1.41588	-0.0283004	0.121384	-0.0120709
2641	1.42614	-0.0287519	0.121536	-0.0121222
2660	1.4364	-0.0292425	0.12168	-0.012173
2679	1.44666	-0.0299941	0.121809	-0.0122143
2698	1.45692	-0.0304616	0.121943	-0.0122621
2717	1.46718	-0.0309453	0.122069	-0.0123104
2736	1.47744	-0.0317034	0.122182	-0.0123486
2755	1.4877	-0.0321895	0.122299	-0.012393
2774	1.49796	-0.0326622	0.12241	-0.012439
2793	1.50822	-0.033421	0.122509	-0.0124743
2812	1.51848	-0.0339217	0.122611	-0.0125156
2831	1.52874	-0.0343885	0.122709	-0.0125585
2850	1.539	-0.0351396	0.122795	-0.0125918
2869	1.54926	-0.0356644	0.122885	-0.0126291
2888	1.55952	-0.0361275	0.122972	-0.0126695
2907	1.56978	-0.0368701	0.123047	-0.0127002
2926	1.58004	-0.0374099	0.123126	-0.0127342
2945	1.5903	-0.0378688	0.123203	-0.0127722
2964	1.60056	-0.0386051	0.123269	-0.0128003
2983	1.61082	-0.0391611	0.123338	-0.0128312
3002	1.62108	-0.0396108	0.123407	-0.0128669
3021	1.63134	-0.0403327	0.123465	-0.0128929
3040	1.6416	-0.0409077	0.123525	-0.012921
3059	1.65186	-0.0413524	0.123587	-0.0129538
3078	1.66212	-0.0420571	0.123638	-0.0129782
3097	1.67238	-0.0426517	0.123691	-0.0130031
3116	1.68264	-0.0430957	0.123746	-0.0130336
3135	1.6929	-0.0437812	0.123792	-0.0130562
3154	1.70316	-0.0443925	0.123838	-0.013078
3173	1.71342	-0.0448349	0.123887	-0.0131064
3192	1.72368	-0.0455032	0.123928	-0.0131272
3211	1.73394	-0.0461332	0.123968	-0.0131464
3230	1.7442	-0.0465653	0.124013	-0.0131729
3249	1.75446	-0.047217	0.12405	-0.0131918
3268	1.76472	-0.0478606	0.124084	-0.0132089
3287	1.77498	-0.0482903	0.124125	-0.013233
3306	1.78524	-0.0489206	0.124157	-0.0132506
3325	1.7955	-0.0495794	0.124185	-0.0132648
3344	1.80576	-0.0500102	0.12422	-0.0132864
3363	1.81602	-0.0506237	0.124246	-0.0133028
3382	1.82628	-0.0512996	0.124268	-0.0133143
3401	1.83654	-0.0517325	0.124297	-0.0133339
3420	1.8468	-0.0523246	0.124319	-0.013349
3439	1.85706	-0.0530156	0.124336	-0.0133582
3458	1.86732	-0.053443	0.124361	-0.0133763
3477	1.87758	-0.0540178	0.124379	-0.0133897
3496	1.88784	-0.0547204	0.124392	-0.0133972
3515	1.8981	-0.0551422	0.124413	-0.0134134
3534	1.90836	-0.0557039	0.124429	-0.0134255
3553	1.91862	-0.0564137	0.124438	-0.0134313
3572	1.92888	-0.0568351	0.124457	-0.0134455
3591	1.93914	-0.0573746	0.124471	-0.0134568
3610	1.9494	-0.0580956	0.124478	-0.0134607
3629	1.95966	-0.0585208	0.124495	-0.0134731
3648	1.96992	-0.0590401	0.124506	-0.0134836
3667	1.98018	-0.0597652	0.124512	-0.0134857
3686	1.99044	-0.0601935	0.124527	-0.0134966
3705	2.0007	-0.0606949	0.124538	-0.013506
3724	2.01096	-0.0614221	0.124542	-0.0135069
3743	2.02122	-0.0618513	0.124555	-0.0135162
3762	2.03148	-0.0623346	0.124566	-0.0135246
3781	2.04174	-0.0630577	0.124569	-0.0135247
3800	2.052	-0.0634998	0.124581	-0.0135319
3819	2.06226	-0.0639657	0.124591	-0.0135398
3838	2.07252	-0.0646841	0.124594	-0.0135386
3857	2.08278	-0.0651391	0.124605	-0.0135442
3876	2.09304	-0.0655869	0.124614	-0.0135515
3895	2.1033	-0.0662966	0.124617	-0.0135494
3914	2.11356	-0.0667567	0.124626	-0.0135538
3933	2.12382	-0.0671928	0.124636	-0.0135602
3952	2.13408	-0.0678882	0.124638	-0.0135578
3971	2.14434	-0.0683612	0.124647	-0.0135605
3990	2.1546	-0.0687884	0.124657	-0.013566
4009	2.16486	-0.0694701	0.124659	-0.0135633
4028	2.17512	-0.0699558	0.124668	-0.0135645
4047	2.18538	-0.070374	0.124677	-0.0135695
4066	2.19564	-0.0710396	0.124679	-0.0135663
4085	2.2059	-0.0715398	0.124687	-0.0135661
4104	2.21616	-0.0719443	0.124696	-0.0135707
4123	2.22642	-0.0725939	0.1247	-0.0135667
4142	2.23668	-0.0731031	0.124707	-0.0135656
4161	2.24694	-0.0735008	0.124717	-0.0135691
4180	2.2572	-0.0741245	0.124721	-0.0135653
4199	2.26746	-0.0746567	0.124727	-0.0135623
4218	2.27772	-0.0750516	0.124737	-0.0135648
4237	2.28798	-0.0756473	0.124742	-0.013561
4256	2.29824	-0.0762011	0.124748	-0.0135562
4275	2.3085	-0.0765842	0.124758	-0.013558
4294	2.31876	-0.0771521	0.124764	-0.013554
4313	2.32902	-0.077727	0.124769	-0.013548
4332	2.33928	-0.0781061	0.124781	-0.0135488
4351	2.34954	-0.0786416	0.124787	-0.013545
4370	2.3598	-0.0792371	0.124792	-0.0135376
4389	2.37006	-0.0796174	0.124804	-0.0135373
4408	2.38032	-0.0801252	0.124811	-0.0135337
4427	2.39058	-0.0807413	0.124815	-0.0135251
4446	2.40084	-0.0811132	0.124827	-0.0135243
4465	2.4111	-0.0815872	0.124836	-0.013521
4484	2.42136	-0.0822242	0.124839	-0.0135115
4503	2.43162	-0.0826032	0.124851	-0.0135095
4522	2.44188	-0.0830439	0.124861	-0.0135065
4541	2.45214	-0.0836849	0.124865	-0.0134963
4560	2.4624	-0.0840688	0.124877	-0.0134935
4579	2.47266	-0.0844899	0.124886	-0.0134906
4598	2.48292	-0.0851277	0.12489	-0.0134803
4617	2.49318	-0.0855276	0.124902	-0.0134762
4636	2.50344	-0.0859273	0.124912	-0.0134735
4655	2.5137	-0.0865575	0.124917	-0.013463
4674	2.52396	-0.0869693	0.124928	-0.0134582
4693	2.53422	-0.0873531	0.124938	-0.0134554
4712	2.54448	-0.0879622	0.124944	-0.0134453
4731	2.55474	-0.0884008	0.124954	-0.013439
4750	2.565	-0.0887715	0.124965	-0.0134363
4769	2.57526	-0.0893613	0.124971	-0.0134265
4788	2.58552	-0.0898161	0.12498	-0.0134194
4807	2.59578	-0.0901756	0.124992	-0.0134165
4826	2.60604	-0.090741	0.124998	-0.0134072
4845	2.6163	-0.0912193	0.125007	-0.0133991
4864	2.62656	-0.0915755	0.125019	-0.0133959
4883	2.63682	-0.0921068	0.125026	-0.0133875
4902	2.64708	-0.0926163	0.125034	-0.0133782
4921	2.65734	-0.0929616	0.125046	-0.013375
4940	2.6676	-0.0934558	0.125054	-0.0133675
4959	2.67786	-0.0939937	0.125061	-0.0133573
4978	2.68812	-0.0943392	0.125073	-0.0133535
4997	2.69838	-0.0948049	0.125082	-0.0133467
5016	2.70864	-0.0953624	0.125088	-0.0133356
5035	2.7189	-0.0956988	0.125101	-0.013332
5054	2.72916	-0.0961379	0.12511	-0.0133257
5073	2.73942	-0.0967111	0.125116	-0.0133144
5092	2.74968	-0.0970532	0.125128	-0.01331
5111	2.75994	-0.0974638	0.125138	-0.0133044
5130	2.7702	-0.0980455	0.125144	-0.0132926
5149	2.78046	-0.0983896	0.125156	-0.013288
5168	2.79072	-0.0987784	0.125166	-0.0132829
5187	2.80098	-0.0993586	0.125171	-0.0132714
5206	2.81124	-0.0997183	0.125183	-0.0132658
5225	2.8215	-0.100087	0.125194	-0.0132611
5244	2.83176	-0.100661	0.1252	-0.0132495
5263	2.84202	-0.101031	0.125211	-0.0132435
5282	2.85228	-0.101384	0.125222	-0.0132392
5301	2.86254	-0.101944	0.125228	-0.0132282
5320	2.8728	-0.102331	0.125238	-0.0132214
5339	2.88306	-0.102674	0.125249	-0.0132172
5358	2.89332	-0.103217	0.125256	-0.0132066
5377	2.90358	-0.103626	0.125266	-0.0131989
5396	2.91384	-0.103954	0.125277	-0.013195
5415	2.9241	-0.104471	0.125284	-0.0131852
5434	2.93436	-0.104904	0.125293	-0.0131768
5453	2.94462	-0.105228	0.125304	-0.0131727
5472	2.95488	-0.105715	0.125312	-0.0131638
5491	2.96514	-0.106173	0.12532	-0.0131544
5510	2.9754	-0.106487	0.125332	-0.0131506
5529	2.98566	-0.106951	0.12534	-0.0131422
5548	2.99592	-0.107428	0.125347	-0.0131324
5567	3.00618	-0.107743	0.125359	-0.0131282
5586	3.01644	-0.108168	0.125368	-0.0131211
5605	3.0267	-0.108676	0.125374	-0.0131102
5624	3.03696	-0.108982	0.125386	-0.013106
5643	3.04722	-0.109383	0.125395	-0.0130995
5662	3.05748	-0.109903	0.125402	-0.0130884
5681	3.06774	-0.110212	0.125413	-0.0130839
5700	3.078	-0.110589	0.125423	-0.0130781
5719	3.08826	-0.111117	0.125429	-0.0130668
5738	3.09852	-0.111432	0.12544	-0.0130618
5757	3.10878	-0.111785	0.12545	-0.0130566
5776	3.11904	-0.112312	0.125456	-0.0130455
5795	3.1293	-0.112641	0.125467	-0.0130398
5814	3.13956	-0.112975	0.125477	-0.0130351
5833	3.14982	-0.113498	0.125483	-0.0130241
5852	3.16008	-0.113838	0.125494	-0.013018
5871	3.17034	-0.114155	0.125504	-0.0130137
5890	3.1806	-0.114659	0.12551	-0.0130034
5909	3.19086	-0.115023	0.12552	-0.0129963
5928	3.20112	-0.115331	0.125531	-0.0129921
5947	3.21138	-0.115821	0.125537	-0.0129821
5966	3.22164	-0.116196	0.125547	-0.0129747
5985	3.2319	-0.116494	0.125557	-0.0129708
6004	3.24216	-0.116961	0.125564	-0.0129616
6023	3.25242	-0.117358	0.125573	-0.0129534
6042	3.26268	-0.117653	0.125583	-0.0129494
6061	3.27294	-0.118096	0.125591	-0.0129409
6080	3.2832	-0.118512	0.125598	-0.012932
6099	3.29346	-0.118799	0.125609	-0.0129281
6118	3.30372	-0.119217	0.125617	-0.0129203
6137	3.31398	-0.119653	0.125624	-0.012911
6156	3.32424	-0.119938	0.125635	-0.0129069
6175	3.3345	-0.120329	0.125643	-0.0128999
6194	3.34476	-0.120787	0.12565	-0.0128898
6213	3.35502	-0.121065	0.125661	-0.0128859
6232	3.36528	-0.121434	0.12567	-0.0128794
6251	3.37554	-0.121903	0.125676	-0.0128693
6270	3.3858	-0.122181	0.125687	-0.012865
6289	3.39606	-0.122529	0.125695	-0.0128592
6308	3.40632	-0.123007	0.125701	-0.0128487
6327	3.41658	-0.123291	0.125712	-0.012844
6346	3.42684	-0.123617	0.125721	-0.0128389
6365	3.4371	-0.124096	0.125727	-0.0128285
6384	3.44736	-0.12439	0.125737	-0.0128234
6403	3.45762	-0.124696	0.125747	-0.0128188
6422	3.46788	-0.125171	0.125752	-0.0128084
6441	3.47814	-0.125476	0.125762	-0.0128028
6460	3.4884	-0.125769	0.125772	-0.0127986
6479	3.49866	-0.126231	0.125778	-0.0127888
6498	3.50892	-0.126552	0.125787	-0.0127825
6517	3.51918	-0.126835	0.125797	-0.0127785
6536	3.52944	-0.127284	0.125803	-0.0127691
6555	3.5397	-0.127619	0.125812	-0.0127623
6574	3.54996	-0.127892	0.125822	-0.0127585
6593	3.56022	-0.128325	0.125828	-0.0127496
6612	3.57048	-0.128673	0.125836	-0.0127425
6631	3.58074	-0.128939	0.125846	-0.0127386
6650	3.591	-0.129354	0.125853	-0.0127303
6669	3.60126	-0.129718	0.125861	-0.0127225
6688	3.61152	-0.129982	0.125871	-0.0127188
6707	3.62178	-0.130378	0.125878	-0.012711
6726	3.63204	-0.130755	0.125885	-0.0127028
6745	3.6423	-0.131011	0.125895	-0.0126992
6764	3.65256	-0.131388	0.125902	-0.0126919
6783	3.66282	-0.131781	0.125909	-0.0126834
6802	3.67308	-0.132039	0.125919	-0.0126796
6821	3.68334	-0.132387	0.125926	-0.0126732
6840	3.6936	-0.132816	0.125931	-0.01266
6859	3.70386	-0.133068	0.125945	-0.0126553
6878	3.71412	-0.133364	0.125951	-0.0126535
6897	3.72438	-0.133803	0.125956	-0.0126437
6916	3.73464	-0.134073	0.125967	-0.0126383
6935	3.7449	-0.134351	0.125976	-0.0126288
6954	3.75516	-0.134772	0.125982	-0.0126228
6973	3.76542	-0.135087	0.125989	-0.012618
6992	3.77568	-0.13534	0.125999	-0.0126137
7011	3.78594	-0.135738	0.126005	-0.0126056
7030	3.7962	-0.136073	0.126013	-0.0125989
7049	3.80646	-0.136324	0.126022	-0.0125954
7068	3.81672	-0.136691	0.126029	-0.0125883
7087	3.82698	-0.137054	0.126035	-0.0125805
7106	3.83724	-0.137298	0.126045	-0.012577
7125	3.8475	-0.137619	0.126054	-0.012566
7144	3.85776	-0.138034	0.126059	-0.0125599
7163	3.86802	-0.138281	0.126067	-0.012557
7182	3.87828	-0.138566	0.126076	-0.0125516
7201	3.88854	-0.138984	0.126081	-0.0125424
7220	3.8988	-0.139237	0.126091	-0.0125384
7239	3.90906	-0.139506	0.126099	-0.0125343
7258	3.91932	-0.139921	0.126104	-0.0125251
7277	3.92958	-0.140184	0.126113	-0.0125204
7296	3.93984	-0.140441	0.126121	-0.0125167
7315	3.9501	-0.140848	0.126127	-0.0125078
7334	3.96036	-0.141122	0.126135	-0.0125027
7353	3.97062	-0.141369	0.126144	-0.0124991
7372	3.98088	-0.141758	0.126149	-0.0124909
7391	3.99114	-0.142065	0.126156	-0.0124806
7410	4.0014	-0.142297	0.126168	-0.0124775
7429	4.01166	-0.142637	0.126172	-0.0124735
7448	4.02192	-0.142987	0.126179	-0.0124655
7467	4.03218	-0.143216	0.126188	-0.0124617
7486	4.04244	-0.143531	0.126195	-0.012456
7505	4.0527	-0.143914	0.126199	-0.0124444
7524	4.06296	-0.14414	0.126212	-0.0124401
7543	4.07322	-0.144404	0.126217	-0.0124386
7562	4.08348	-0.144797	0.126223	-0.0124298
7581	4.09374	-0.145043	0.126232	-0.0124249
7600	4.104	-0.145291	0.126239	-0.0124214
7619	4.11426	-0.145677	0.126243	-0.0124108
7638	4.12452	-0.145949	0.126255	-0.0124036
7657	4.13478	-0.146175	0.126261	-0.0124033
7676	4.14504	-0.146523	0.126267	-0.0123963
7695	4.1553	-0.146831	0.126274	-0.0123892
7714	4.16556	-0.147062	0.126283	-0.0123813
7733	4.17582	-0.147365	0.126291	-0.0123777
7752	4.18608	-0.147719	0.126295	-0.0123715
7771	4.19634	-0.147933	0.126304	-0.0123678
7790	4.2066	-0.148205	0.12631	-0.0123617
7809	4.21686	-0.14858	0.126318	-0.0123504
7828	4.22712	-0.148812	0.126325	-0.0123494
7847	4.23738	-0.149052	0.126332	-0.0123461
7866	4.24764	-0.149423	0.126336	-0.0123355
7885	4.2579	-0.149684	0.126347	-0.0123289
7904	4.26816	-0.149898	0.126352	-0.0123285
7923	4.27842	-0.150212	0.126361	-0.0123172
7942	4.28868	-0.150544	0.126366	-0.0123125
7961	4.29894	-0.150757	0.126374	-0.0123106
7980	4.3092	-0.151021	0.126379	-0.0123046
7999	4.31946	-0.151384	0.126388	-0.0122936
8018	4.32972	-0.151606	0.126394	-0.0122927
8037	4.33998	-0.151835	0.1264	-0.012289
8056	4.35024	-0.152193	0.126409	-0.0122772
8075	4.3605	-0.15244	0.126415	-0.0122753
8094	4.37076	-0.152659	0.126422	-0.0122729
8113	4.38102	-0.153001	0.126427	-0.0122653
8132	4.39128	-0.153273	0.126433	-0.0122563
8151	4.40154	-0.153478	0.126444	-0.012254
8170	4.4118	-0.153779	0.126448	-0.0122506
8189	4.42206	-0.154087	0.126453	-0.0122436
8208	4.43232	-0.15429	0.126462	-0.0122404
8227	4.44258	-0.154553	0.12647	-0.0122314
8246	4.45284	-0.154897	0.126474	-0.0122264
8265	4.4631	-0.155103	0.126481	-0.0122242
8284	4.47336	-0.155338	0.126488	-0.0122199
8303	4.48362	-0.155687	0.126492	-0.0122098
8322	4.49388	-0.155906	0.126503	-0.0122047
8341	4.50414	-0.156111	0.126508	-0.0122039
8360	4.5144	-0.156434	0.126516	-0.0121925
8379	4.52466	-0.156702	0.126521	-0.0121896
8398	4.53492	-0.156901	0.126528	-0.0121879
8417	4.54518	-0.1572	0.126534	-0.0121815
8436	4.55544	-0.157492	0.126538	-0.0121722
8455	4.5657	-0.157684	0.126549	-0.0121696
8474	4.57596	-0.157944	0.126553	-0.0121673
8493	4.58622	-0.158268	0.126557	-0.0121574
8512	4.59648	-0.15846	0.126568	-0.0121534
8531	4.60674	-0.158685	0.126573	-0.0121523
8550	4.617	-0.159017	0.126577	-0.0121451
8569	4.62726	-0.159224	0.126585	-0.0121411
8588	4.63752	-0.159431	0.126592	-0.0121339
8607	4.64778	-0.15975	0.126598	-0.0121295
8626	4.65804	-0.159989	0.126603	-0.0121259
8645	4.6683	-0.160183	0.126611	-0.0121188
8664	4.67856	-0.160471	0.126617	-0.0121147
8683	4.68882	-0.160751	0.12662	-0.0121066
8702	4.69908	-0.160935	0.126631	-0.0121033
8721	4.70934	-0.16118	0.126635	-0.0121014
8740	4.7196	-0.161494	0.126639	-0.012092
8759	4.72986	-0.161679	0.126649	-0.012088
8778	4.74012	-0.161894	0.126654	-0.012087
8797	4.75038	-0.162212	0.126657	-0.0120781
8816	4.76064	-0.162415	0.126668	-0.0120728
8835	4.7709	-0.162604	0.126672	-0.012072
8854	4.78116	-0.162899	0.126679	-0.0120619
8873	4.79142	-0.16315	0.126684	-0.0120591
8892	4.80168	-0.163339	0.126691	-0.0120527
8911	4.81194	-0.163584	0.126698	-0.0120495
8930	4.8222	-0.163884	0.1267	-0.0120416
8949	4.83246	-0.164062	0.126711	-0.0120377
8968	4.84272	-0.164271	0.126715	-0.012037
8987	4.85298	-0.16458	0.126718	-0.0120284
9006	4.86324	-0.164774	0.126729	-0.0120234
9025	4.8735	-0.164964	0.126733	-0.0120232
9044	4.88376	-0.165261	0.126736	-0.0120154
9063	4.89402	-0.165479	0.126746	-0.0120092
9082	4.90428	-0.165658	0.126751	-0.0120093
9101	4.91454	-0.16593	0.126754	-0.0120026
9120	4.9248	-0.166177	0.126763	-0.0119951
9139	4.93506	-0.16635	0.126768	-0.0119953
9158	4.94532	-0.16659	0.126772	-0.0119901
9177	4.95558	-0.16687	0.12678	-0.0119813
9196	4.96584	-0.167041	0.126785	-0.0119812
9215	4.9761	-0.167252	0.12679	-0.0119782
9234	4.98636	-0.167545	0.126795	-0.0119714
9253	4.99662	-0.167725	0.126801	-0.0119652
9272	5.00688	-0.167912	0.126809	-0.0119634
9291	5.01714	-0.168203	0.126812	-0.0119589
9310	5.0274	-0.168403	0.126818	-0.0119519
9329	5.03766	-0.168574	0.126826	-0.0119498
9348	5.04792	-0.168836	0.126828	-0.0119446
9367	5.05818	-0.169073	0.126837	-0.0119371
9386	5.06844	-0.169239	0.126842	-0.0119372
9405	5.0787	-0.169466	0.126845	-0.0119323
9424	5.08896	-0.169736	0.126853	-0.0119237
9443	5.09922	-0.1699	0.126858	-0.0119236
9462	5.10948	-0.170094	0.126865	-0.0119166
9481	5.11974	-0.170378	0.126869	-0.0119123
9500	5.13	-0.170568	0.126874	-0.0119063
9519	5.14026	-0.170735	0.126882	-0.0119041
9538	5.15052	-0.171	0.126885	-0.0119006
9557	5.16078	-0.171214	0.12689	-0.0118935
9576	5.17104	-0.171374	0.126898	-0.0118912
9595	5.1813	-0.171611	0.126902	-0.0118886
9614	5.19156	-0.171856	0.126905	-0.0118809
9633	5.20182	-0.172012	0.126914	-0.0118781
9652	5.21208	-0.172219	0.126918	-0.0118765
9671	5.22234	-0.172486	0.126921	-0.0118686
9690	5.2326	-0.172645	0.12693	-0.011865
9709	5.24286	-0.172819	0.126934	-0.0118637
9728	5.25312	-0.173086	0.12694	-0.0118548
9747	5.26338	-0.173278	0.126945	-0.0118533
9766	5.27364	-0.173439	0.126951	-0.0118476
9785	5.2839	-0.17368	0.126956	-0.0118441
9804	5.29416	-0.1739	0.12696	-0.011841
9823	5.30442	-0.174056	0.126966	-0.0118354
9842	5.31468	-0.174268	0.126972	-0.0118325
9861	5.32494	-0.174513	0.126975	-0.0118287
9880	5.3352	-0.174669	0.126981	-0.0118231
9899	5.34546	-0.174853	0.126988	-0.0118209
9918	5.35572	-0.175115	0.12699	-0.0118167
9937	5.36598	-0.175275	0.126996	-0.011811
9956	5.37624	-0.175439	0.127003	-0.0118089
9975	5.3865	-0.175696	0.127005	-0.0118031
9994	5.39676	-0.175877	0.127013	-0.0117979
10013	5.40702	-0.176026	0.127017	-0.0117978
10032	5.41728	-0.176244	0.127023	-0.0117901
10051	5.42754	-0.176475	0.127027	-0.011787
10070	5.4378	-0.17663	0.127033	-0.011782
10089	5.44806	-0.17681	0.127039	-0.0117797
10108	5.45832	-0.177061	0.127041	-0.0117731
10127	5.46858	-0.177211	0.12705	-0.0117697
10146	5.47884	-0.177371	0.127053	-0.0117687
10165	5.4891	-0.177619	0.127059	-0.0117602
10184	5.49936	-0.177793	0.127063	-0.0117591
10203	5.50962	-0.177945	0.127069	-0.0117539
10222	5.51988	-0.178166	0.127074	-0.0117507
10241	5.53014	-0.178371	0.127077	-0.0117479
10260	5.5404	-0.178514	0.127083	-0.0117427
10279	5.55066	-0.178712	0.127088	-0.0117401
10298	5.56092	-0.178936	0.127091	-0.0117366
10317	5.57118	-0.179082	0.127097	-0.0117315
10336	5.58144	-0.179253	0.127103	-0.0117295
10355	5.5917	-0.179494	0.127105	-0.0117257
10374	5.60196	-0.179644	0.127111	-0.0117204
10393	5.61222	-0.179795	0.127117	-0.0117187
10412	5.62248	-0.18003	0.127119	-0.0117134
10431	5.63274	-0.180201	0.127127	-0.0117083
10450	5.643	-0.18034	0.12713	-0.0117083
10469	5.65326	-0.180542	0.127136	-0.011701
10488	5.66352	-0.180754	0.12714	-0.0116983
10507	5.67378	-0.180898	0.127145	-0.0116936
10526	5.68404	-0.181063	0.127151	-0.0116915
10545	5.6943	-0.181296	0.127153	-0.0116879
10564	5.70456	-0.18144	0.127158	-0.0116828
10583	5.71482	-0.181587	0.127164	-0.0116811
10602	5.72508	-0.181816	0.127166	-0.0116761
10621	5.73534	-0.181979	0.127173	-0.0116712
10640	5.7456	-0.182115	0.127178	-0.0116671
10659	5.75586	-0.182319	0.127183	-0.0116648
10678	5.76612	-0.182509	0.127186	-0.0116622
10697	5.77638	-0.182642	0.127191	-0.0116573
10716	5.78664	-0.182822	0.127196	-0.011655
10735	5.7969	-0.183042	0.127198	-0.0116493
10754	5.80716	-0.183173	0.127206	-0.0116465
10773	5.81742	-0.183317	0.127209	-0.0116456
10792	5.82768	-0.183538	0.127214	-0.011638
10811	5.83794	-0.183693	0.127218	-0.011637
10830	5.8482	-0.183826	0.127224	-0.011632
10849	5.85846	-0.184039	0.127228	-0.0116288
10868	5.86872	-0.184207	0.127231	-0.011624
10887	5.87898	-0.184335	0.127238	-0.0116221
10906	5.88924	-0.184513	0.12724	-0.0116194
10925	5.8995	-0.184718	0.127246	-0.0116128
10944	5.90976	-0.184844	0.12725	-0.0116129
10963	5.92002	-0.184998	0.127253	-0.0116102
10982	5.93028	-0.185213	0.127258	-0.0116032
11001	5.94054	-0.185345	0.127262	-0.011603
11020	5.9508	-0.185482	0.127266	-0.011601
11039	5.96106	-0.185695	0.127271	-0.0115939
11058	5.97132	-0.185842	0.127275	-0.011593
11077	5.98158	-0.185973	0.127279	-0.0115884
11096	5.99184	-0.186162	0.127284	-0.0115857
11115	6.0021	-0.186343	0.127286	-0.0115806
11134	6.01236	-0.186464	0.127293	-0.0115784
11153	6.02262	-0.186619	0.127298	-0.0115734
11172	6.03288	-0.186826	0.127301	-0.0115709
11191	6.04314	-0.186954	0.127305	-0.0115668
11210	6.0534	-0.187084	0.12731	-0.0115644
11229	6.06366	-0.187288	0.127315	-0.0115584
11248	6.07392	-0.187436	0.127318	-0.0115578
11267	6.08418	-0.187559	0.127322	-0.0115534
11286	6.09444	-0.187741	0.127327	-0.0115508
11305	6.1047	-0.187911	0.127329	-0.0115459
11324	6.11496	-0.18803	0.127336	-0.011544
11343	6.12522	-0.188183	0.12734	-0.0115391
11362	6.13548	-0.188383	0.127343	-0.0115369
11381	6.14574	-0.188507	0.127347	-0.0115329
11400	6.156	-0.188635	0.127352	-0.0115313
11419	6.16626	-0.188833	0.127354	-0.0115271
11438	6.17652	-0.188973	0.12736	-0.0115231
11457	6.18678	-0.18909	0.127363	-0.011523
11476	6.19704	-0.189268	0.127368	-0.0115167
11495	6.2073	-0.189428	0.127371	-0.0115151
11514	6.21756	-0.189541	0.127376	-0.0115111
11533	6.22782	-0.189714	0.12738	-0.0115087
11552	6.23808	-0.189883	0.127382	-0.0115041
11571	6.24834	-0.189995	0.127389	-0.0115022
11590	6.2586	-0.190135	0.127391	-0.0115008
11609	6.26886	-0.190327	0.127396	-0.0114944
11628	6.27912	-0.190448	0.1274	-0.0114909
11647	6.28938	-0.190569	0.127405	-0.0114902
11666	6.29964	-0.190759	0.127406	-0.0114862
11685	6.3099	-0.190894	0.127412	-0.0114823
11704	6.32016	-0.191006	0.127415	-0.0114822
11723	6.33042	-0.191174	0.12742	-0.0114763
11742	6.34068	-0.191338	0.127422	-0.0114719
11761	6.35094	-0.191446	0.127428	-0.0114711
11780	6.3612	-0.191581	0.12743	-0.0114698
11799	6.37146	-0.191767	0.127435	-0.0114635
11818	6.38172	-0.191884	0.127438	-0.0114601
11837	6.39198	-0.192001	0.127443	-0.0114596
11856	6.40224	-0.192183	0.127444	-0.0114557
11875	6.4125	-0.192314	0.12745	-0.0114519
11894	6.42276	-0.192423	0.127454	-0.0114487
11913	6.43302	-0.192584	0.127458	-0.0114472
11932	6.44328	-0.192738	0.12746	-0.0114428
11951	6.45354	-0.192843	0.127466	-0.011441
11970	6.4638	-0.19298	0.12747	-0.0114367
11989	6.47406	-0.193158	0.127472	-0.0114324
12008	6.48432	-0.193264	0.127478	-0.0114306
12027	6.49458	-0.193383	0.127481	-0.0114269
12046	6.50484	-0.193562	0.127484	-0.011425
12065	6.5151	-0.193683	0.127487	-0.0114214
12084	6.52536	-0.193789	0.127492	-0.0114201
12103	6.53562	-0.193953	0.127494	-0.0114169
12122	6.54588	-0.194091	0.127499	-0.0114129
12141	6.55614	-0.194197	0.127502	-0.01141
12160	6.5664	-0.194336	0.127506	-0.0114091
12179	6.57666	-0.194499	0.127508	-0.0114047
12198	6.58692	-0.194598	0.127514	-0.0114027
12217	6.59718	-0.194724	0.127518	-0.0113988
12236	6.60744	-0.194895	0.12752	-0.011397
12255	6.6177	-0.194995	0.127523	-0.0113937
12274	6.62796	-0.195113	0.127528	-0.0113923
12293	6.63822	-0.195283	0.127529	-0.0113885
12312	6.64848	-0.195392	0.127535	-0.0113857
12331	6.65874	-0.195497	0.127538	-0.0113826
12350	6.669	-0.195658	0.127541	-0.0113811
12369	6.67926	-0.195789	0.127543	-0.0113773
12388	6.68952	-0.195886	0.127549	-0.0113756
12407	6.69978	-0.196023	0.127552	-0.0113715
12426	6.71004	-0.196176	0.127554	-0.0113702
12445	6.7203	-0.196275	0.127558	-0.011367
12464	6.73056	-0.196391	0.127562	-0.0113657
12483	6.74082	-0.196558	0.127563	-0.0113619
12502	6.75108	-0.196662	0.127569	-0.0113593
12521	6.76134	-0.196761	0.127571	-0.0113593
12540	6.7716	-0.196911	0.127575	-0.0113541
12559	6.78186	-0.197044	0.127577	-0.0113504
12578	6.79212	-0.197138	0.127582	-0.0113497
12597	6.80238	-0.197269	0.127584	-0.0113479
12616	6.81264	-0.19742	0.127588	-0.0113431
12635	6.8229	-0.197515	0.127592	-0.0113404
12654	6.83316	-0.197625	0.127595	-0.0113399
12673	6.84342	-0.197784	0.127596	-0.0113362
12692	6.85368	-0.197886	0.127602	-0.0113335
12711	6.86394	-0.197983	0.127605	-0.0113306
12730	6.8742	-0.198135	0.127608	-0.0113291
12749	6.88446	-0.198256	0.12761	-0.0113257
12768	6.89472	-0.198346	0.127615	-0.0113241
12787	6.90498	-0.198478	0.127618	-0.0113201
12806	6.91524	-0.198618	0.12762	-0.0113166
12825	6.9255	-0.198708	0.127625	-0.0113155
12844	6.93576	-0.198819	0.127626	-0.0113144
12863	6.94602	-0.198973	0.127631	-0.0113094
12882	6.95628	-0.199067	0.127634	-0.0113068
12901	6.96654	-0.199162	0.127637	-0.0113058
12920	6.9768	-0.199313	0.127641	-0.0113012
12939	6.98706	-0.19942	0.127643	-0.0112984
12958	6.99732	-0.199509	0.127647	-0.0112976
12977	7.00758	-0.199649	0.12765	-0.0112934
12996	7.01784	-0.199771	0.127653	-0.0112902
13015	7.0281	-0.199857	0.127657	-0.0112897
13034	7.03836	-0.199978	0.127658	-0.0112883
13053	7.04862	-0.200117	0.127662	-0.0112839
13072	7.05888	-0.200203	0.127665	-0.0112843
13091	7.06914	-0.20031	0.127669	-0.0112803
13110	7.0794	-0.200457	0.127671	-0.0112765
13129	7.08966	-0.200543	0.127675	-0.0112756
13148	7.09992	-0.200638	0.127678	-0.0112725
13167	7.11018	-0.200783	0.12768	-0.011271
13186	7.12044	-0.200884	0.127683	-0.011268
13205	7.1307	-0.20097	0.127687	-0.0112672
13224	7.14096	-0.201101	0.127688	-0.0112647
13243	7.15122	-0.201216	0.127693	-0.0112613
13262	7.16148	-0.201303	0.127695	-0.0112589
13281	7.17174	-0.201415	0.127698	-0.0112572
13300	7.182	-0.20155	0.127702	-0.0112533
13319	7.19226	-0.201633	0.127704	-0.0112511
13338	7.20252	-0.20173	0.127707	-0.0112499
13357	7.21278	-0.20187	0.127711	-0.0112458
13376	7.22304	-0.201958	0.127713	-0.0112435
13395	7.2333	-0.202046	0.127717	-0.0112426
13414	7.24356	-0.202184	0.12772	-0.0112386
13433	7.25382	-0.202281	0.127722	-0.0112361
13452	7.26408	-0.202363	0.127726	-0.0112354
13471	7.27434	-0.202488	0.127729	-0.0112316
13490	7.2846	-0.202601	0.127731	-0.0112288
13509	7.29486	-0.202679	0.127735	-0.0112282
13528	7.30512	-0.202793	0.127738	-0.0112247
13547	7.31538	-0.202915	0.127739	-0.0112217
13566	7.32564	-0.202993	0.127744	-0.0112211
13585	7.3359	-0.203092	0.127746	-0.011218
13604	7.34616	-0.203226	0.127748	-0.0112169
13623	7.35642	-0.203309	0.127751	-0.0112144
13642	7.36668	-0.203393	0.127754	-0.0112123
13661	7.37694	-0.20352	0.127756	-0.0112102
13680	7.3872	-0.203619	0.12776	-0.0112076
13699	7.39746	-0.203695	0.127762	-0.0112054
13718	7.40772	-0.203805	0.127765	-0.0112023
13737	7.41798	-0.20393	0.127768	-0.0112001
13756	7.42824	-0.204005	0.12777	-0.0111981
13775	7.4385	-0.204095	0.127773	-0.0111967
13794	7.44876	-0.204225	0.127776	-0.0111933
13813	7.45902	-0.204307	0.127779	-0.0111912
13832	7.46928	-0.204387	0.127782	-0.0111904
13851	7.47954	-0.204512	0.127784	-0.0111869
13870	7.4898	-0.20461	0.127786	-0.0111846
13889	7.50006	-0.204684	0.12779	-0.0111841
13908	7.51032	-0.204789	0.127793	-0.0111809
13927	7.52058	-0.204905	0.127794	-0.0111781
13946	7.53084	-0.204977	0.127798	-0.0111776
13965	7.5411	-0.205068	0.127801	-0.0111748
13984	7.55136	-0.205192	0.127802	-0.011172
14003	7.56162	-0.205268	0.127806	-0.0111709
14022	7.57188	-0.205348	0.127809	-0.0111685
14041	7.58214	-0.205469	0.12781	-0.0111662
14060	7.5924	-0.205559	0.127814	-0.0111642
14079	7.60266	-0.205631	0.127817	-0.0111623
14098	7.61292	-0.205739	0.127819	-0.0111604
14117	7.62318	-0.205845	0.127822	-0.0111578
14136	7.63344	-0.205917	0.127823	-0.0111586
14155	7.6437	-0.206008	0.127827	-0.0111552
14174	7.65396	-0.206126	0.127828	-0.0111523
14193	7.66422	-0.206198	0.127832	-0.0111516
14212	7.67448	-0.206277	0.127834	-0.0111492
14231	7.68474	-0.206395	0.127836	-0.0111466
14250	7.695	-0.206477	0.127839	-0.0111452
14269	7.70526	-0.206549	0.127842	-0.0111431
14288	7.71552	-0.206658	0.127844	-0.011141
14307	7.72578	-0.206751	0.127847	-0.0111389
14326	7.73604	-0.206818	0.127849	-0.011137
14345	7.7463	-0.20692	0.127851	-0.0111353
14364	7.75656	-0.207022	0.127854	-0.0111329
14383	7.76682	-0.207089	0.127857	-0.0111311
14402	7.77708	-0.207178	0.127859	-0.0111298
14421	7.78734	-0.20729	0.127861	-0.011126
14440	7.7976	-0.207361	0.127864	-0.0111241
14459	7.80786	-0.207431	0.127867	-0.0111224
14478	7.81812	-0.207537	0.127869	-0.0111194
14497	7.82838	-0.207634	0.127871	-0.0111166
14516	7.83864	-0.207703	0.127874	-0.011115
14535	7.8489	-0.20778	0.127877	-0.0111135
14554	7.85916	-0.207891	0.127878	-0.0111115
14573	7.86942	-0.207967	0.127881	-0.0111102
14592	7.87968	-0.208036	0.127884	-0.0111083
14611	7.88994	-0.208137	0.127885	-0.0111066
14630	7.9002	-0.208228	0.127888	-0.0111046
14649	7.91046	-0.208289	0.127891	-0.0111029
14668	7.92072	-0.20838	0.127893	-0.0111004
14687	7.93098	-0.208487	0.127895	-0.0110988
14706	7.94124	-0.208551	0.127897	-0.0110972
14725	7.9515	-0.208623	0.1279	-0.0110963
14744	7.96176	-0.208731	0.127902	-0.0110935
14763	7.97202	-0.208803	0.127904	-0.0110918
14782	7.98228	-0.208868	0.127907	-0.0110916
14801	7.99254	-0.208965	0.127909	-0.0110883
14820	8.0028	-0.209061	0.127911	-0.0110872
14839	8.01306	-0.209124	0.127913	-0.0110856
14858	8.02332	-0.209195	0.127916	-0.0110838
14877	8.03358	-0.209299	0.127917	-0.0110807
14896	8.04384	-0.209379	0.12792	-0.0110784
14915	8.0541	-0.20944	0.127922	-0.0110791
14934	8.06436	-0.209523	0.127924	-0.011076
14953	8.07462	-0.20961	0.127927	-0.0110749
14972	8.08488	-0.209674	0.127929	-0.0110734
14991	8.09514	-0.209773	0.12793	-0.0110716
15010	8.1054	-0.209851	0.127933	-0.01107
15029	8.11566	-0.20991	0.127935	-0.0110683
15048	8.12592	-0.209997	0.127937	-0.0110659
15067	8.13618	-0.210096	0.127939	-0.011063
15086	8.14644	-0.210158	0.127942	-0.0110615
15105	8.1567	-0.21022	0.127944	-0.0110601
15124	8.16696	-0.210312	0.127946	-0.0110575
15143	8.17722	-0.210401	0.127948	-0.011055
15162	8.18748	-0.210461	0.127951	-0.0110537
15181	8.19774	-0.210527	0.127953	-0.0110521
15200	8.208	-0.210626	0.127955	-0.0110493
15219	8.21826	-0.210699	0.127957	-0.0110474
15238	8.22852	-0.21076	0.12796	-0.0110462
15257	8.23878	-0.210836	0.127961	-0.0110461
15276	8.24904	-0.210931	0.127964	-0.0110434
15295	8.2593	-0.210989	0.127966	-0.0110422
15314	8.26956	-0.211053	0.127968	-0.0110406
15333	8.27982	-0.211148	0.12797	-0.0110379
15352	8.29008	-0.211223	0.127972	-0.0110359
15371	8.30034	-0.211281	0.127974	-0.011037
15390	8.3106	-0.21135	0.127976	-0.0110343
15409	8.32086	-0.211447	0.127978	-0.0110316
15428	8.33112	-0.211511	0.12798	-0.01103
15447	8.34138	-0.211569	0.127983	-0.0110289
15466	8.35164	-0.211651	0.127984	-0.0110284
15485	8.3619	-0.211736	0.127986	-0.0110254
15504	8.37216	-0.211792	0.127988	-0.0110242
15523	8.38242	-0.211856	0.12799	-0.0110244
15542	8.39268	-0.21195	0.127992	-0.0110217
15561	8.40294	-0.21201	0.127994	-0.0110225
15580	8.4132	-0.212068	0.127996	-0.0110204
15599	8.42346	-0.212159	0.127997	-0.0110185
15618	8.43372	-0.212225	0.128	-0.0110164
15637	8.44398	-0.212279	0.128002	-0.0110172
15656	8.45424	-0.212362	0.128003	-0.0110141
15675	8.4645	-0.212441	0.128005	-0.0110119
15694	8.47476	-0.212495	0.128008	-0.0110107
15713	8.48502	-0.212555	0.12801	-0.0110093
15732	8.49528	-0.212644	0.128011	-0.0110067
15751	8.50554	-0.212713	0.128013	-0.0110049
15770	8.5158	-0.212767	0.128016	-0.0110039
15789	8.52606	-0.212834	0.128017	-0.0110039
15808	8.53632	-0.212921	0.128019	-0.0110013
15827	8.54658	-0.212974	0.128021	-0.0110001
15846	8.55684	-0.213031	0.128023	-0.0109987
15865	8.5671	-0.213116	0.128025	-0.0109963
15884	8.57736	-0.213185	0.128027	-0.0109945
15903	8.58762	-0.213236	0.128029	-0.0109935
15922	8.59788	-0.213301	0.128031	-0.0109918
15941	8.60814	-0.213387	0.128032	-0.0109894
15960	8.6184	-0.213444	0.128034	-0.010988
15979	8.62866	-0.213497	0.128036	-0.0109888
15998	8.63892	-0.213576	0.128038	-0.0109863
16017	8.64918	-0.213645	0.12804	-0.0109848
16036	8.65944	-0.213697	0.128042	-0.0109836
16055	8.6697	-0.213758	0.128044	-0.010982
16074	8.67996	-0.213843	0.128045	-0.0109796
16093	8.69022	-0.213899	0.128047	-0.0109782
16112	8.70048	-0.21395	0.128049	-0.0109772
16131	8.71074	-0.214018	0.128051	-0.0109754
16150	8.721	-0.214099	0.128052	-0.0109732
16169	8.73126	-0.214149	0.128055	-0.0109722
16188	8.74152	-0.214201	0.128057	-0.0109711
16207	8.75178	-0.214275	0.128058	-0.0109691
16226	8.76204	-0.21435	0.12806	-0.0109685
16245	8.7723	-0.214398	0.128062	-0.0109673
16264	8.78256	-0.214455	0.128063	-0.0109667
16283	8.79282	-0.214538	0.128065	-0.0109641
16302	8.80308	-0.21459	0.128067	-0.0109629
16321	8.81334	-0.214639	0.128069	-0.010962
16340	8.8236	-0.214705	0.12807	-0.0109603
16359	8.83386	-0.214783	0.128072	-0.0109581
16378	8.84412	-0.214834	0.128074	-0.010957
16397	8.85438	-0.214882	0.128076	-0.0109563
16416	8.86464	-0.214961	0.128077	-0.0109545
16435	8.8749	-0.215008	0.128079	-0.0109536
16454	8.88516	-0.215061	0.128081	-0.0109524
16473	8.89542	-0.215139	0.128082	-0.0109502
16492	8.90568	-0.215199	0.128084	-0.0109487
16511	8.91594	-0.215245	0.128086	-0.0109479
16530	8.9262	-0.215302	0.128088	-0.0109465
16549	8.93646	-0.215379	0.128089	-0.0109443
16568	8.94672	-0.215428	0.128091	-0.0109433
16587	8.95698	-0.215475	0.128093	-0.0109423
16606	8.96724	-0.215549	0.128094	-0.0109404
16625	8.9775	-0.215608	0.128096	-0.0109389
16644	8.98776	-0.215653	0.128098	-0.0109382
16663	8.99802	-0.215709	0.1281	-0.0109368
16682	9.00828	-0.215785	0.128101	-0.0109348
16701	9.01854	-0.215836	0.128103	-0.0109337
16720	9.0288	-0.215881	0.128105	-0.0109329
16739	9.03906	-0.215942	0.128106	-0.0109314
16758	9.04932	-0.216015	0.128107	-0.0109295
16777	9.05958	-0.21606	0.128109	-0.0109286
16796	9.06984	-0.216105	0.128111	-0.0109277
16815	9.0801	-0.216173	0.128113	-0.010926
16834	9.09036	-0.216238	0.128114	-0.0109244
16853	9.10062	-0.216284	0.128116	-0.0109236
16872	9.11088	-0.216328	0.128118	-0.0109227
16891	9.12114	-0.216395	0.128119	-0.010921
16910	9.1314	-0.216457	0.12812	-0.0109195
16929	9.14166	-0.216499	0.128122	-0.0109188
16948	9.15192	-0.216549	0.128124	-0.0109176
16967	9.16218	-0.216622	0.128125	-0.0109157
16986	9.17244	-0.21667	0.128127	-0.0109147
17005	9.1827	-0.216711	0.128129	-0.0109141
17024	9.19296	-0.21677	0.12813	-0.0109126
17043	9.20322	-0.21684	0.128131	-0.0109108
17062	9.21348	-0.216882	0.128133	-0.0109101
17081	9.22374	-0.216926	0.128135	-0.0109093
17100	9.234	-0.216988	0.128136	-0.0109077
17119	9.24426	-0.217051	0.128137	-0.0109061
17138	9.25452	-0.217091	0.128139	-0.0109055
17157	9.26478	-0.217137	0.128141	-0.0109045
17176	9.27504	-0.217204	0.128142	-0.0109028
17195	9.2853	-0.217255	0.128144	-0.0109017
17214	9.29556	-0.217298	0.128145	-0.0109011
17233	9.30582	-0.217347	0.128147	-0.0108999
17252	9.31608	-0.217415	0.128148	-0.010898
17271	9.32634	-0.217458	0.12815	-0.0108972
17290	9.3366	-0.217499	0.128151	-0.0108966
17309	9.34686	-0.217558	0.128152	-0.0108951
17328	9.35712	-0.21762	0.128154	-0.0108936
17347	9.36738	-0.217661	0.128155	-0.010893
17366	9.37764	-0.217704	0.128157	-0.0108922
17385	9.3879	-0.217768	0.128158	-0.0108907
17404	9.39816	-0.217823	0.128159	-0.0108895
17423	9.40842	-0.217864	0.12816	-0.0108891
17442	9.41868	-0.217911	0.128162	-0.0108881
17461	9.42894	-0.217978	0.128162	-0.0108865
17480	9.4392	-0.218024	0.128164	-0.0108857
17499	9.44946	-0.218065	0.128165	-0.0108853
17518	9.45972	-0.218119	0.128166	-0.0108842
17537	9.46998	-0.218183	0.128167	-0.0108828
17556	9.48024	-0.218227	0.128168	-0.0108822
17575	9.4905	-0.218267	0.128169	-0.0108817
17594	9.50076	-0.218327	0.12817	-0.0108804
17613	9.51102	-0.218385	0.128171	-0.0108793
17632	9.52128	-0.218426	0.128172	-0.0108789
17651	9.53154	-0.218469	0.128173	-0.0108783
17670	9.5418	-0.218533	0.128174	-0.010877
17689	9.55206	-0.218586	0.128175	-0.0108761
17708	9.56232	-0.218626	0.128176	-0.0108758
17727	9.57258	-0.218673	0.128177	-0.010875
17746	9.58284	-0.218738	0.128178	-0.0108737
17765	9.5931	-0.218784	0.128179	-0.0108731
17784	9.60336	-0.218824	0.12818	-0.0108728
17803	9.61362	-0.218878	0.12818	-0.0108718
17822	9.62388	-0.218941	0.128181	-0.0108707
17841	9.63414	-0.218983	0.128182	-0.0108703
17860	9.6444	-0.219023	0.128183	-0.0108699
17879	9.65466	-0.219082	0.128184	-0.0108688
17898	9.66492	-0.219139	0.128184	-0.0108678
17917	9.67518	-0.219179	0.128185	-0.0108695
17936	9.68544	-0.219225	0.128186	-0.0108679
17955	9.6957	-0.21929	0.128186	-0.0108667
17974	9.70596	-0.219336	0.128187	-0.0108661
17993	9.71622	-0.219375	0.128188	-0.010866
18012	9.72648	-0.219427	0.128188	-0.0108665
18031	9.73674	-0.219492	0.128189	-0.0108647
18050	9.747	-0.219534	0.12819	-0.0108644
18069	9.75726	-0.219574	0.128191	-0.0108641
18088	9.76752	-0.219626	0.128191	-0.0108632
18107	9.77778	-0.219689	0.128192	-0.0108621
18126	9.78804	-0.21973	0.128193	-0.0108617
18145	9.7983	-0.219769	0.128193	-0.0108614
18164	9.80856	-0.219828	0.128194	-0.0108604
18183	9.81882	-0.219885	0.128195	-0.0108594
18202	9.82908	-0.219924	0.128196	-0.0108593
18221	9.83934	-0.219966	0.128196	-0.0108588
18240	9.8496	-0.220028	0.128197	-0.0108577
18259	9.85986	-0.220078	0.128197	-0.010857
18278	9.87012	-0.220117	0.128198	-0.010857
18297	9.88038	-0.220164	0.128198	-0.010858
18316	9.89064	-0.220227	0.128199	-0.0108561
18335	9.9009	-0.220271	0.1282	-0.0108557
18354	9.91116	-0.220311	0.1282	-0.0108555
18373	9.92142	-0.220358	0.128201	-0.0108549
18392	9.93168	-0.220421	0.128201	-0.0108537
18411	9.94194	-0.220466	0.128202	-0.0108532
18430	9.9522	-0.220505	0.128203	-0.0108531
18449	9.96246	-0.220554	0.128203	-0.0108523
18468	9.97272	-0.220615	0.128204	-0.0108512
18487	9.98298	-0.220657	0.128205	-0.0108509
18506	9.99324	-0.220695	0.128206	-0.0108507
18525	10.0035	0	0	0
18544	10.0138	0	0	0
18563	10.024	0	0	0
18582	10.0343	0	0	0
18601	10.0445	0	0	0
18620	10.0548	0	0	0
18639	10.0651	0	0	0
18658	10.0753	0	0	0
18677	10.0856	0	0	0
