TimeSlice	Time	LH_Knee	LH_HipZ	LH_AnkleZ
0	0	0	0	0
19	0.01026	-0.165417	-0.0197292	-0.165307
38	0.02052	-0.288377	0.00550375	-0.333831
57	0.03078	-0.351822	0.0695534	-0.481651
76	0.04104	-0.368941	0.158715	-0.607106
95	0.0513	-0.351436	0.261528	-0.708661
114	0.06156	-0.307066	0.370525	-0.785737
133	0.07182	-0.241793	0.481062	-0.839183
152	0.08208	-0.160237	0.590599	-0.871242
171	0.09234	-0.0668263	0.697629	-0.886948
190	0.1026	0.0370423	0.802588	-0.888949
209	0.11286	0.151296	0.90657	-0.878529
228	0.12312	0.277038	1.01122	-0.85614
247	0.13338	0.417087	1.119	-0.821259
266	0.14364	0.577546	1.2341	-0.771746
285	0.1539	0.773172	1.36549	-0.701537
304	0.16416	1.06329	1.54739	-0.585235
323	0.17442	1.11741	1.5914	-0.564379
342	0.18468	1.61577	1.88454	-0.34432
361	0.19494	0.874476	1.46589	-0.647037
380	0.2052	1.18404	1.64492	-0.492053
399	0.21546	1.22024	1.66429	-0.445164
418	0.22572	1.22269	1.65974	-0.401413
437	0.23598	1.24873	1.66264	-0.334112
456	0.24624	1.34416	1.69842	-0.222738
475	0.2565	1.34415	1.67141	-0.136861
494	0.26676	1.34415	1.63744	-0.0360534
513	0.27702	1.34417	1.59532	0.0805557
532	0.28728	1.3442	1.54388	0.213138
551	0.29754	1.34425	1.48223	0.360932
570	0.3078	0.85851	1.16652	0.218519
589	0.31806	0.689979	1.04636	0.170127
608	0.32832	0.55938	0.947148	0.138733
627	0.33858	0.450243	0.859529	0.117217
646	0.34884	0.355685	0.77961	0.102583
665	0.3591	0.272044	0.705338	0.09322
684	0.36936	0.227971	0.677045	0.0626729
703	0.37962	0.211342	0.666265	0.0468707
722	0.38988	0.218206	0.668835	0.0484646
741	0.40014	0.239694	0.680977	0.0608636
760	0.4104	0.266675	0.698102	0.0772632
779	0.42066	0.294231	0.716993	0.0940213
798	0.43092	0.318534	0.735048	0.106529
817	0.44118	0.341484	0.752981	0.111891
836	0.45144	0.363563	0.770207	0.116749
855	0.4617	0.384803	0.786725	0.121467
874	0.47196	0.405271	0.802587	0.126065
893	0.48222	0.425028	0.817839	0.130556
912	0.49248	0.444991	0.832808	0.135505
931	0.50274	0.464482	0.847306	0.140442
950	0.513	0.48326	0.861272	0.145199
969	0.52326	0.501388	0.874742	0.1498
988	0.53352	0.51891	0.887744	0.154265
1007	0.54378	0.535872	0.900305	0.15861
1026	0.55404	0.552313	0.912452	0.16285
1045	0.5643	0.568273	0.92421	0.166996
1064	0.57456	0.583782	0.935601	0.171059
1083	0.58482	0.598869	0.946646	0.175046
1102	0.59508	0.613559	0.957364	0.178964
1121	0.60534	0.627874	0.96777	0.182819
1140	0.6156	0.641834	0.977881	0.186614
1159	0.62586	0.655457	0.98771	0.190354
1178	0.63612	0.668759	0.99727	0.194042
1197	0.64638	0.681753	1.00657	0.197679
1216	0.65664	0.694451	1.01563	0.201267
1235	0.6669	0.706863	1.02445	0.204805
1254	0.67716	0.719	1.03304	0.208295
1273	0.68742	0.730873	1.04141	0.21174
1292	0.69768	0.742489	1.04957	0.21514
1311	0.70794	0.753858	1.05752	0.218496
1330	0.7182	0.764986	1.06528	0.221809
1349	0.72846	0.77588	1.07285	0.225079
1368	0.73872	0.786544	1.08023	0.228306
1387	0.74898	0.796986	1.08743	0.231491
1406	0.75924	0.807209	1.09445	0.234633
1425	0.7695	0.817218	1.1013	0.237731
1444	0.77976	0.827016	1.10799	0.240787
1463	0.79002	0.836608	1.11451	0.243799
1482	0.80028	0.845996	1.12088	0.246767
1501	0.81054	0.855183	1.12708	0.249691
1520	0.8208	0.864172	1.13314	0.25257
1539	0.83106	0.872966	1.13904	0.255404
1558	0.84132	0.881566	1.1448	0.258192
1577	0.85158	0.889975	1.15041	0.260933
1596	0.86184	0.898193	1.15588	0.263627
1615	0.8721	0.906224	1.16121	0.266274
1634	0.88236	0.914067	1.1664	0.268872
1653	0.89262	0.921725	1.17146	0.271421
1672	0.90288	0.929198	1.17638	0.273921
1691	0.91314	0.936487	1.18116	0.27637
1710	0.9234	0.943592	1.18582	0.278768
1729	0.93366	0.950516	1.19034	0.281114
1748	0.94392	0.957257	1.19474	0.283408
1767	0.95418	0.963816	1.199	0.285648
1786	0.96444	0.970194	1.20314	0.287834
1805	0.9747	0.976391	1.20716	0.289966
1824	0.98496	0.982406	1.21104	0.292042
1843	0.99522	0.98824	1.21481	0.294062
1862	1.00548	0.993894	1.21845	0.296024
1881	1.01574	0.999365	1.22196	0.297929
1900	1.026	1.00466	1.22535	0.299776
1919	1.03626	1.00977	1.22863	0.301563
1938	1.04652	1.01469	1.23177	0.30329
1957	1.05678	1.01944	1.2348	0.304957
1976	1.06704	1.024	1.23771	0.306563
1995	1.0773	1.02838	1.2405	0.308108
2014	1.08756	1.03259	1.24317	0.30959
2033	1.09782	1.0366	1.24572	0.31101
2052	1.10808	1.04044	1.24815	0.312366
2071	1.11834	1.0441	1.25046	0.313659
2090	1.1286	1.04757	1.25266	0.314889
2109	1.13886	1.18924	1.33952	0.369448
2128	1.14912	1.19564	1.34666	0.366222
2147	1.15938	1.19117	1.34346	0.365237
2166	1.16964	1.1891	1.3417	0.365257
2185	1.1799	1.18735	1.34023	0.365262
2204	1.19016	1.18586	1.339	0.365264
2223	1.20042	1.18457	1.33796	0.365266
2242	1.21068	1.18345	1.33708	0.365268
2261	1.22094	1.18247	1.33632	0.365265
2280	1.2312	1.18213	1.33601	0.365269
2299	1.24146	1.18185	1.33576	0.365273
2318	1.25172	1.18162	1.33555	0.365273
2337	1.26198	1.18143	1.33539	0.365273
2356	1.27224	1.18128	1.33525	0.365274
2375	1.2825	1.18115	1.33514	0.365274
2394	1.29276	1.18105	1.33505	0.365275
2413	1.30302	1.18096	1.33498	0.365275
2432	1.31328	1.18089	1.33492	0.365273
2451	1.32354	1.18083	1.33487	0.365274
2470	1.3338	1.18078	1.33483	0.365274
2489	1.34406	1.18074	1.33479	0.365272
2508	1.35432	1.18069	1.33476	0.365274
2527	1.36458	1.18067	1.33474	0.365272
2546	1.37484	1.18063	1.33471	0.365273
2565	1.3851	1.18061	1.33469	0.365274
2584	1.39536	1.18059	1.33468	0.365273
2603	1.40562	1.18056	1.33466	0.365274
2622	1.41588	1.18055	1.33465	0.365274
2641	1.42614	1.18054	1.33465	0.365272
2660	1.4364	1.18052	1.33463	0.365274
2679	1.44666	1.18051	1.33463	0.365272
2698	1.45692	1.1805	1.33462	0.365274
2717	1.46718	1.18049	1.33462	0.365274
2736	1.47744	1.18049	1.33461	0.365272
2755	1.4877	1.18047	1.3346	0.365274
2774	1.49796	1.18047	1.3346	0.365273
2793	1.50822	1.18046	1.3346	0.365273
2812	1.51848	1.18045	1.33459	0.365274
2831	1.52874	1.18045	1.33459	0.365274
2850	1.539	1.18045	1.33459	0.365272
2869	1.54926	1.18044	1.33458	0.365274
2888	1.55952	1.18043	1.33458	0.365274
2907	1.56978	1.18043	1.33458	0.365273
2926	1.58004	1.18043	1.33458	0.365272
2945	1.5903	1.18042	1.33457	0.365274
2964	1.60056	1.18042	1.33457	0.365274
2983	1.61082	1.18042	1.33457	0.365273
3002	1.62108	1.18042	1.33457	0.365272
3021	1.63134	1.18041	1.33457	0.365274
3040	1.6416	1.18041	1.33456	0.365274
3059	1.65186	1.18041	1.33456	0.365273
3078	1.66212	1.18041	1.33457	0.365272
3097	1.67238	1.1804	1.33456	0.365274
3116	1.68264	1.1804	1.33456	0.365274
3135	1.6929	1.18039	1.33456	0.365273
3154	1.70316	1.1804	1.33456	0.365272
3173	1.71342	1.1804	1.33456	0.365272
3192	1.72368	1.18039	1.33456	0.365274
3211	1.73394	1.18039	1.33456	0.365274
3230	1.7442	1.18039	1.33456	0.365273
3249	1.75446	1.1803	1.33451	0.365229
3268	1.76472	1.17989	1.33428	0.365043
3287	1.77498	1.1793	1.33394	0.364788
3306	1.78524	1.17852	1.33348	0.364465
3325	1.7955	1.17758	1.33292	0.364077
3344	1.80576	1.17648	1.33227	0.363628
3363	1.81602	1.17522	1.33151	0.363121
3382	1.82628	1.17382	1.33068	0.362559
3401	1.83654	1.17229	1.32975	0.361947
3420	1.8468	1.17064	1.32876	0.361287
3439	1.85706	1.16887	1.32769	0.360582
3458	1.86732	1.16698	1.32655	0.359843
3477	1.87758	1.165	1.32535	0.359059
3496	1.88784	1.16293	1.32409	0.358241
3515	1.8981	1.16078	1.32279	0.357393
3534	1.90836	1.15855	1.32143	0.356516
3553	1.91862	1.15625	1.32003	0.355613
3572	1.92888	1.15389	1.3186	0.354687
3591	1.93914	1.15147	1.31712	0.353742
3610	1.9494	1.14901	1.31562	0.352778
3629	1.95966	1.1465	1.31409	0.351806
3648	1.96992	1.14395	1.31253	0.350814
3667	1.98018	1.14137	1.31096	0.349813
3686	1.99044	1.13877	1.30936	0.348801
3705	2.0007	1.13614	1.30775	0.347781
3724	2.01096	1.13349	1.30613	0.346756
3743	2.02122	1.13083	1.30449	0.345732
3762	2.03148	1.12815	1.30285	0.344699
3781	2.04174	1.12547	1.3012	0.343665
3800	2.052	1.12278	1.29954	0.34263
3819	2.06226	1.12008	1.29788	0.341595
3838	2.07252	1.11739	1.29622	0.340561
3857	2.08278	1.1147	1.29456	0.339535
3876	2.09304	1.11201	1.2929	0.338508
3895	2.1033	1.10932	1.29124	0.337483
3914	2.11356	1.10665	1.28958	0.336462
3933	2.12382	1.10398	1.28793	0.335446
3952	2.13408	1.10132	1.28628	0.334441
3971	2.14434	1.09868	1.28464	0.333438
3990	2.1546	1.09604	1.283	0.332439
4009	2.16486	1.09342	1.28138	0.331447
4028	2.17512	1.09082	1.27975	0.330462
4047	2.18538	1.08823	1.27814	0.329491
4066	2.19564	1.08566	1.27654	0.328522
4085	2.2059	1.0831	1.27494	0.327559
4104	2.21616	1.08056	1.27336	0.326604
4123	2.22642	1.07804	1.27178	0.325663
4142	2.23668	1.07553	1.27021	0.324725
4161	2.24694	1.07305	1.26866	0.323796
4180	2.2572	1.07058	1.26711	0.322874
4199	2.26746	1.06814	1.26558	0.32196
4218	2.27772	1.06571	1.26406	0.321061
4237	2.28798	1.0633	1.26254	0.320166
4256	2.29824	1.06091	1.26104	0.319278
4275	2.3085	1.05855	1.25955	0.318399
4294	2.31876	1.0562	1.25807	0.317534
4313	2.32902	1.05387	1.25661	0.316673
4332	2.33928	1.05156	1.25515	0.315819
4351	2.34954	1.04927	1.25371	0.314974
4370	2.3598	1.047	1.25227	0.314143
4389	2.37006	1.04476	1.25085	0.313315
4408	2.38032	1.04253	1.24944	0.312496
4427	2.39058	1.04032	1.24804	0.311684
4446	2.40084	1.03813	1.24666	0.310881
4465	2.4111	1.03596	1.24528	0.310091
4484	2.42136	1.03381	1.24392	0.309305
4503	2.43162	1.03168	1.24256	0.308526
4522	2.44188	1.02957	1.24122	0.307755
4541	2.45214	1.02747	1.23989	0.306998
4560	2.4624	1.0254	1.23857	0.306243
4579	2.47266	1.02334	1.23726	0.305496
4598	2.48292	1.02131	1.23596	0.304755
4617	2.49318	1.01929	1.23468	0.304028
4636	2.50344	1.01728	1.2334	0.303304
4655	2.5137	1.0153	1.23213	0.302586
4674	2.52396	1.01334	1.23088	0.301875
4693	2.53422	1.01139	1.22963	0.301178
4712	2.54448	1.00946	1.2284	0.300482
4731	2.55474	1.00755	1.22717	0.299793
4750	2.565	1.00565	1.22596	0.29911
4769	2.57526	1.00377	1.22475	0.29844
4788	2.58552	1.00191	1.22356	0.297772
4807	2.59578	1.00006	1.22237	0.297109
4826	2.60604	0.998229	1.2212	0.296453
4845	2.6163	0.996413	1.22003	0.295809
4864	2.62656	0.994614	1.21887	0.295167
4883	2.63682	0.99283	1.21773	0.29453
4902	2.64708	0.991061	1.21659	0.293905
4921	2.65734	0.989308	1.21546	0.293281
4940	2.6676	0.98757	1.21434	0.292661
4959	2.67786	0.985846	1.21322	0.292048
4978	2.68812	0.984136	1.21212	0.291447
4997	2.69838	0.98244	1.21102	0.290846
5016	2.70864	0.98076	1.20994	0.29025
5035	2.7189	0.979093	1.20886	0.28966
5054	2.72916	0.977439	1.20779	0.28908
5073	2.73942	0.975798	1.20673	0.288502
5092	2.74968	0.974172	1.20568	0.287927
5111	2.75994	0.972559	1.20463	0.287358
5130	2.7702	0.970958	1.20359	0.286799
5149	2.78046	0.969369	1.20256	0.286242
5168	2.79072	0.967794	1.20154	0.285687
5187	2.80098	0.966231	1.20052	0.285144
5206	2.81124	0.96468	1.19952	0.284601
5225	2.8215	0.963141	1.19852	0.284061
5244	2.83176	0.961615	1.19752	0.283526
5263	2.84202	0.960099	1.19654	0.283002
5282	2.85228	0.958595	1.19556	0.282477
5301	2.86254	0.957103	1.19458	0.281956
5320	2.8728	0.955623	1.19362	0.281438
5339	2.88306	0.954152	1.19266	0.280932
5358	2.89332	0.952693	1.19171	0.280424
5377	2.90358	0.951245	1.19076	0.27992
5396	2.91384	0.949806	1.18982	0.279426
5415	2.9241	0.948379	1.18889	0.278932
5434	2.93436	0.946962	1.18796	0.27844
5453	2.94462	0.945556	1.18704	0.277951
5472	2.95488	0.944158	1.18613	0.277473
5491	2.96514	0.942771	1.18522	0.276994
5510	2.9754	0.941394	1.18432	0.276518
5529	2.98566	0.940026	1.18342	0.276051
5548	2.99592	0.938667	1.18253	0.275583
5567	3.00618	0.937318	1.18164	0.275118
5586	3.01644	0.935979	1.18076	0.274656
5605	3.0267	0.934648	1.17989	0.274203
5624	3.03696	0.933326	1.17902	0.27375
5643	3.04722	0.932013	1.17816	0.273298
5662	3.05748	0.930708	1.1773	0.272856
5681	3.06774	0.929412	1.17645	0.272413
5700	3.078	0.928125	1.1756	0.271971
5719	3.08826	0.926846	1.17476	0.271533
5738	3.09852	0.925575	1.17392	0.271104
5757	3.10878	0.924312	1.17309	0.270673
5776	3.11904	0.923057	1.17226	0.270244
5795	3.1293	0.92181	1.17144	0.269824
5814	3.13956	0.920571	1.17062	0.269402
5833	3.14982	0.91934	1.16981	0.268983
5852	3.16008	0.918116	1.169	0.268565
5871	3.17034	0.916899	1.16819	0.268157
5890	3.1806	0.91569	1.16739	0.267747
5909	3.19086	0.914489	1.1666	0.267339
5928	3.20112	0.913294	1.16581	0.266939
5947	3.21138	0.912106	1.16502	0.266537
5966	3.22164	0.910925	1.16424	0.266137
5985	3.2319	0.909752	1.16346	0.265739
6004	3.24216	0.908584	1.16269	0.265351
6023	3.25242	0.907424	1.16192	0.264959
6042	3.26268	0.906271	1.16115	0.264569
6061	3.27294	0.905124	1.16039	0.264187
6080	3.2832	0.903983	1.15963	0.263804
6099	3.29346	0.902849	1.15888	0.263421
6118	3.30372	0.901721	1.15813	0.263047
6137	3.31398	0.900599	1.15738	0.262671
6156	3.32424	0.899483	1.15664	0.262295
6175	3.3345	0.898374	1.15591	0.261922
6194	3.34476	0.89727	1.15517	0.261559
6213	3.35502	0.896172	1.15444	0.26119
6232	3.36528	0.895081	1.15371	0.260824
6251	3.37554	0.893994	1.15299	0.260465
6270	3.3858	0.892914	1.15227	0.260105
6289	3.39606	0.891839	1.15155	0.259745
6308	3.40632	0.890769	1.15084	0.259393
6327	3.41658	0.889705	1.15013	0.259039
6346	3.42684	0.888647	1.14942	0.258685
6365	3.4371	0.887594	1.14872	0.25834
6384	3.44736	0.886546	1.14802	0.257992
6403	3.45762	0.885504	1.14732	0.257644
6422	3.46788	0.884467	1.14663	0.257299
6441	3.47814	0.883434	1.14593	0.256961
6460	3.4884	0.882406	1.14525	0.256621
6479	3.49866	0.881385	1.14456	0.256281
6498	3.50892	0.880367	1.14388	0.255949
6517	3.51918	0.879354	1.1432	0.255614
6536	3.52944	0.878347	1.14253	0.25528
6555	3.5397	0.877344	1.14185	0.254954
6574	3.54996	0.876345	1.14118	0.254624
6593	3.56022	0.875352	1.14052	0.254295
6612	3.57048	0.874362	1.13985	0.253974
6631	3.58074	0.873378	1.13919	0.25365
6650	3.591	0.872398	1.13853	0.253327
6669	3.60126	0.871423	1.13788	0.253004
6688	3.61152	0.870451	1.13723	0.252692
6707	3.62178	0.869484	1.13658	0.252373
6726	3.63204	0.868522	1.13593	0.252056
6745	3.6423	0.867563	1.13528	0.251746
6764	3.65256	0.866609	1.13464	0.251434
6783	3.66282	0.865659	1.134	0.251122
6802	3.67308	0.864713	1.13336	0.250817
6821	3.68334	0.863771	1.13273	0.250509
6840	3.6936	0.862834	1.1321	0.250201
6859	3.70386	0.8619	1.13147	0.249901
6878	3.71412	0.86097	1.13084	0.249598
6897	3.72438	0.860044	1.13022	0.249295
6916	3.73464	0.859122	1.12959	0.248999
6935	3.7449	0.858203	1.12897	0.2487
6954	3.75516	0.857289	1.12836	0.248401
6973	3.76542	0.856378	1.12774	0.24811
6992	3.77568	0.855471	1.12713	0.247815
7011	3.78594	0.854568	1.12652	0.247521
7030	3.7962	0.853668	1.12591	0.247233
7049	3.80646	0.852771	1.1253	0.246943
7068	3.81672	0.851879	1.1247	0.246652
7087	3.82698	0.850989	1.12409	0.246369
7106	3.83724	0.850104	1.12349	0.246082
7125	3.8475	0	0	0
7144	3.85776	0	0	0
7163	3.86802	0	0	0
7182	3.87828	0	0	0
7201	3.88854	0	0	0
7220	3.8988	0	0	0
7239	3.90906	0	0	0
7258	3.91932	0	0	0
7277	3.92958	0	0	0
